389.414
389.268
389.121
388.975
388.829
388.682
388.536
388.39
388.243
388.097
387.951
387.804
387.658
387.512
387.365
387.219
387.073
386.927
386.78
386.634
386.488
386.341
386.195
386.049
385.902
385.756
385.61
385.463
385.317
385.171
385.024
384.878
384.732
384.585
384.439
384.293
384.155
384.155
384.155
384.155
384.155
384.155
384.155
384.155
384.155
384.155
384.155
384.155
384.155
384.155
384.155
384.155
384.155
384.155
384.155
384.155
384.155
384.155
384.155
384.155
384.155
384.155
384.155
384.155
384.155
384.155
384.155
384.155
384.155
384.155
384.155
384.155
384.155
384.155
384.155
384.155
384.155
384.155
384.155
384.155
384.155
384.155
384.155
384.155
384.155
384.155
384.155
384.155
384.155
384.155
384.155
384.155
384.155
384.155
384.155
384.155
384.155
384.155
384.155
384.155
384.155
384.155
384.155
384.155
384.155
384.155
384.155
384.155
384.155
384.155
384.155
384.155
384.155
384.155
384.155
384.155
384.155
384.155
384.155
384.155
384.155
384.155
384.155
384.155
384.155
384.155
384.155
384.155
384.155
384.155
384.155
384.155
384.155
384.155
384.155
384.155
384.155
384.155
384.155
384.155
384.155
384.155
384.155
384.155
384.155
384.155
384.155
384.155
384.155
384.155
384.155
384.155
384.155
384.155
384.155
384.155
384.155
384.155
384.155
384.155
384.155
384.155
384.155
384.155
384.155
384.155
384.155
384.155
384.155
384.155
384.155
384.155
384.155
384.155
384.155
384.155
384.155
384.155
384.155
384.155
384.155
384.155
384.155
384.155
384.155
384.155
384.155
384.155
384.155
384.155
384.155
384.155
384.155
384.155
384.155
384.155
384.155
384.155
384.155
384.155
384.155
384.155
384.155
384.155
384.155
384.155
384.155
384.155
384.155
384.155
384.155
384.155
384.155
384.155
384.155
384.155
384.155
384.155
384.155
384.155
384.155
384.155
384.155
384.155
384.155
384.155
384.155
384.155
384.155
384.155
384.155
384.155
384.155
384.155
384.155
384.155
384.155
384.155
384.155
384.155
384.155
384.155
384.155
384.155
384.155
384.155
384.155
384.155
384.155
384.155
384.155
384.155
384.155
384.155
384.155
384.155
384.155
384.155
384.155
384.155
384.155
384.155
384.155
384.155
384.155
384.155
384.155
384.155
384.155
384.155
384.155
384.155
384.155
384.155
384.155
384.155
384.155
384.155
384.155
384.155
384.155
384.155
384.155
384.155
384.155
384.155
384.155
384.155
384.155
384.155
384.155
384.155
384.155
384.155
384.155
384.155
384.155
384.155
384.155
384.155
384.155
384.155
384.155
384.155
384.155
384.155
384.155
384.155
384.155
384.155
384.155
384.155
384.155
384.155
384.155
384.155
384.155
384.155
384.155
384.155
384.155
384.155
384.155
384.155
384.155
384.155
384.155
384.155
384.155
384.155
384.155
384.155
384.155
384.155
384.155
384.155
384.155
384.155
384.155
384.155
384.155
384.155
384.155
384.155
384.155
384.155
384.155
384.155
384.155
384.155
384.155
384.155
384.155
384.155
384.155
384.155
384.155
384.155
384.155
384.155
384.155
384.155
384.155
384.155
384.155
384.155
384.155
384.155
384.155
384.155
384.155
384.155
384.155
384.155
384.155
384.155
384.155
384.155
384.155
384.155
384.155
384.155
384.155
384.155
384.155
384.155
384.155
384.155
384.155
384.155
384.155
384.155
384.155
384.155
384.155
384.155
384.155
384.155
384.155
384.155
384.155
384.155
384.155
384.155
384.155
384.155
384.155
384.155
384.155
384.155
384.155
384.155
384.155
384.155
384.155
384.155
384.155
384.155
384.155
384.155
384.155
384.155
384.155
384.155
384.155
384.155
384.155
384.155
384.155
384.155
384.155
384.155
384.155
384.155
384.155
384.155
384.155
384.155
384.155
384.155
384.155
384.155
384.155
384.155
384.155
384.155
384.155
384.155
384.155
384.155
384.155
384.155
384.155
384.155
384.155
384.155
384.155
384.155
384.155
384.155
384.155
384.155
384.155
384.155
384.155
384.155
384.155
384.155
384.155
384.155
384.155
384.155
384.155
384.155
384.155
384.155
384.155
384.155
384.155
384.155
384.155
384.155
384.155
384.155
384.155
384.155
384.155
384.155
384.155
384.155
384.155
384.155
384.155
384.155
384.155
384.155
384.155
384.155
384.155
384.155
384.155
384.155
384.155
384.155
384.155
384.155
384.155
384.155
384.155
384.155
384.155
384.155
384.155
384.155
384.155
384.155
384.155
384.155
384.155
384.155
384.155
384.155
384.155
384.155
384.155
384.155
384.155
384.155
384.155
384.155
384.155
384.155
384.155
384.155
384.155
384.155
384.155
384.155
384.155
384.155
384.155
384.155
384.155
384.155
384.155
384.155
384.155
384.155
384.155
384.155
384.155
384.155
384.155
384.155
384.155
384.155
384.155
384.155
384.155
384.155
384.155
384.155
384.155
384.155
384.155
384.155
384.155
384.155
384.155
384.155
384.155
384.155
384.155
384.155
384.155
384.155
384.155
384.155
384.155
384.155
384.155
384.155
384.155
384.155
384.155
384.155
384.155
384.155
384.155
384.155
384.155
384.155
384.155
384.155
384.155
384.155
384.155
384.155
384.155
384.155
384.155
384.155
384.155
384.155
384.155
384.155
384.155
384.155
384.155
384.155
384.155
384.155
384.155
384.155
384.155
384.155
384.155
384.155
384.155
384.155
384.155
384.155
384.155
384.155
384.155
384.155
384.155
384.155
384.155
384.155
384.155
384.155
384.155
384.155
384.155
384.155
384.155
384.155
384.155
384.155
384.155
384.155
384.155
384.155
384.155
384.155
384.155
384.155
384.155
384.155
384.155
384.155
384.155
384.155
384.155
384.155
384.155
384.155
384.155
384.155
384.155
384.155
384.155
384.155
384.155
384.155
384.155
384.155
384.155
384.155
384.155
384.155
384.155
384.155
384.155
384.155
384.155
384.155
384.155
384.155
384.155
384.155
384.155
384.155
384.155
384.155
384.155
384.155
384.155
384.155
384.155
384.155
384.155
384.155
384.155
384.155
384.155
384.155
384.155
384.155
384.155
384.155
384.155
384.155
384.155
384.155
384.155
384.155
384.155
384.155
384.155
384.155
384.155
384.155
384.155
384.155
384.155
384.155
384.155
384.155
384.155
384.155
384.155
384.155
384.155
384.155
384.155
384.155
384.155
384.155
384.155
384.155
384.155
384.155
384.155
384.155
384.155
384.155
384.155
384.155
384.155
384.155
384.155
384.155
384.155
384.155
384.155
384.155
384.155
384.155
384.155
384.155
384.155
384.155
384.155
384.155
384.155
384.155
384.155
384.155
384.155
384.155
384.155
384.155
384.155
384.155
384.155
384.155
384.155
384.155
384.155
384.155
384.155
384.155
384.155
384.155
384.155
384.155
384.155
384.155
384.155
384.155
384.155
384.155
384.155
384.155
384.155
384.155
384.155
384.155
384.155
384.155
384.155
384.155
384.155
384.155
384.155
384.155
384.155
384.155
384.155
384.155
384.155
384.155
384.155
384.155
384.155
384.155
384.155
384.155
384.155
384.155
384.155
384.155
384.155
384.155
384.155
384.155
384.155
384.155
384.155
384.155
384.155
384.155
384.155
384.155
384.155
384.155
384.155
384.155
384.155
384.155
384.155
384.155
384.155
384.155
384.155
384.155
384.155
384.155
384.155
384.155
384.155
384.155
384.155
384.155
384.155
384.155
384.155
384.155
384.155
384.155
384.155
384.155
384.155
384.155
384.155
384.155
384.155
384.155
384.155
384.155
384.155
384.155
384.155
384.155
384.155
384.155
384.155
384.155
384.155
384.155
384.155
384.155
384.155
384.155
384.155
384.155
384.155
384.155
384.155
384.155
384.155
384.155
384.155
384.155
384.155
384.155
384.155
384.155
384.155
384.155
384.155
384.155
384.155
384.155
384.155
384.155
384.155
384.155
384.155
384.155
384.155
384.155
384.155
384.155
384.155
384.155
384.155
384.155
384.155
384.155
384.155
384.155
384.155
384.155
384.155
384.155
384.155
384.155
384.155
384.155
384.155
384.155
384.155
384.155
384.155
384.155
384.155
384.155
384.155
384.155
384.155
384.155
384.155
384.155
384.155
384.155
384.155
384.155
384.155
384.155
384.155
384.155
384.155
384.155
384.155
384.155
384.155
384.155
384.155
384.155
384.155
384.155
384.155
384.155
384.155
384.155
384.155
384.155
384.155
384.155
384.155
384.155
384.155
384.155
384.155
384.155
384.155
384.155
384.155
384.155
384.155
384.155
384.155
384.155
384.155
384.155
384.155
384.155
384.155
384.155
384.155
384.155
384.155
384.155
384.155
384.155
384.155
384.155
384.155
384.155
384.155
384.155
384.155
384.155
384.155
384.155
384.155
384.155
384.155
384.155
384.155
384.155
384.155
384.155
384.155
384.155
384.155
384.155
384.155
384.155
384.155
384.155
384.155
384.155
384.155
384.155
384.155
384.155
384.155
384.155
384.155
384.155
384.155
384.155
384.155
384.155
384.155
384.155
384.155
384.155
384.155
384.155
384.155
384.155
384.155
384.155
384.155
384.155
384.155
384.155
384.155
384.155
384.155
384.155
384.155
384.155
384.155
384.155
384.155
384.155
384.155
384.155
384.155
384.155
384.155
384.155
384.155
384.155
384.155
384.155
384.155
384.155
384.155
384.155
384.155
384.155
384.155
384.155
384.155
384.155
384.155
384.155
384.155
384.155
384.155
384.155
384.155
384.155
384.155
384.155
384.155
384.155
384.155
384.155
384.155
384.155
384.155
384.155
384.155
384.155
384.155
384.155
384.155
384.155
384.155
384.155
384.155
384.155
384.155
384.155
384.155
384.155
384.155
384.155
384.155
384.155
384.155
384.155
384.155
384.155
384.155
384.155
384.155
384.155
384.155
384.155
384.155
384.155
384.155
384.155
384.155
384.155
384.155
384.155
384.155
384.155
384.155
384.155
384.155
384.155
384.155
384.155
384.155
384.155
384.155
384.155
384.155
384.155
384.155
384.155
384.155
384.155
384.155
384.155
384.155
384.155
384.155
384.155
384.155
384.155
384.155
384.155
384.155
384.155
384.155
384.155
384.155
384.155
384.155
384.155
384.155
384.155
384.155
384.155
384.155
384.155
384.155
384.155
384.155
384.155
384.155
384.155
384.155
384.155
384.155
384.155
384.155
384.155
384.155
384.155
384.155
384.155
384.155
384.155
384.155
384.155
384.155
384.155
384.155
384.155
384.155
384.155
384.155
384.155
384.155
384.155
384.155
384.155
384.155
384.155
384.155
384.155
384.155
384.155
384.155
384.155
384.155
384.155
384.155
384.155
384.155
384.155
384.155
384.155
384.155
384.155
384.155
384.155
384.155
384.155
384.155
384.155
384.155
384.155
384.155
384.155
384.155
384.155
384.155
384.155
384.155
384.155
384.155
384.155
384.155
384.155
384.155
384.155
384.155
384.155
384.155
384.155
384.155
384.155
384.155
384.155
384.155
384.155
384.155
384.155
384.155
384.155
384.155
384.155
384.155
384.155
384.155
384.155
384.155
384.155
384.155
384.155
384.155
384.155
384.155
384.155
384.155
384.155
384.155
384.155
384.155
384.155
384.155
384.155
384.155
384.155
384.155
384.155
384.155
384.155
384.155
384.155
384.155
384.155
384.155
384.155
384.155
384.155
384.155
384.155
384.155
384.155
384.155
384.155
384.155
384.155
384.155
384.155
384.155
384.155
384.155
384.155
384.155
384.155
384.155
384.155
384.155
384.155
384.155
384.155
384.155
384.155
384.155
384.155
384.155
384.155
384.155
384.155
384.155
384.155
384.155
384.155
384.155
384.155
384.155
384.155
384.155
384.155
384.155
384.155
384.155
384.155
384.155
384.155
384.155
384.155
384.155
384.155
384.155
384.155
384.155
384.155
384.155
384.155
384.155
384.155
384.155
384.155
384.155
384.155
384.155
384.155
384.155
384.155
384.155
384.155
384.155
384.155
384.155
384.155
384.155
384.155
384.155
384.155
384.155
384.155
384.155
384.155
384.155
384.155
384.155
384.155
384.155
384.155
384.155
384.155
384.155
384.155
384.155
384.155
384.155
384.155
384.155
384.155
384.155
384.155
384.155
384.155
384.155
384.155
384.155
384.155
384.155
384.155
384.155
384.155
384.155
384.155
384.155
384.155
384.155
384.155
384.155
384.155
384.155
384.155
384.155
384.155
384.155
384.155
384.155
384.155
384.155
384.155
384.155
384.155
384.155
384.155
384.155
384.155
384.155
384.155
384.155
384.155
384.155
384.155
384.155
384.155
384.155
384.155
384.155
384.155
384.155
384.155
384.155
384.155
384.155
384.155
384.155
384.155
384.155
384.155
384.155
384.155
384.155
384.155
384.155
384.155
384.155
384.155
384.155
384.155
384.155
384.155
384.155
384.155
384.155
384.155
384.155
384.155
384.155
384.155
384.155
384.155
384.155
384.155
384.155
384.155
384.155
384.155
384.155
384.155
384.155
384.155
384.155
384.155
384.155
384.155
384.155
384.155
384.155
384.155
384.155
384.155
384.155
384.155
384.155
384.155
384.155
384.155
384.155
384.155
384.155
384.155
384.155
384.155
384.155
384.155
384.155
384.155
384.155
384.155
384.155
384.155
384.155
384.155
384.155
384.155
384.155
384.155
384.155
384.155
384.155
384.155
384.155
384.155
384.155
384.155
384.155
384.155
384.155
384.155
384.155
384.155
384.155
384.155
384.155
384.155
384.155
384.155
384.155
384.155
384.155
384.155
384.155
384.155
384.155
384.155
384.155
384.155
384.155
384.155
384.155
384.155
384.155
384.155
384.155
384.155
384.155
384.155
384.155
384.155
384.155
384.155
384.155
384.155
384.155
384.155
384.155
384.155
384.155
384.155
384.155
384.155
384.155
384.155
384.155
384.155
384.155
384.155
384.155
384.155
384.155
384.155
384.155
384.155
384.155
384.155
384.155
384.155
384.155
384.155
384.155
384.155
384.155
384.155
384.155
384.155
384.155
384.155
384.155
384.155
384.155
384.155
384.155
384.155
384.155
384.155
384.155
384.155
384.155
384.155
384.155
384.155
384.155
384.155
384.155
384.155
384.155
384.155
384.155
384.155
384.155
384.155
384.155
384.155
384.155
384.155
384.155
384.155
384.155
384.155
384.155
384.155
384.155
384.155
384.155
384.155
384.155
384.155
384.155
384.155
384.155
384.155
384.155
384.155
384.155
384.155
384.155
384.155
384.155
384.155
384.155
384.155
384.155
384.155
384.155
384.155
384.155
384.155
384.155
384.155
384.155
384.155
384.155
384.155
384.155
384.155
384.155
384.155
384.155
384.155
384.155
384.155
384.155
384.155
384.155
384.155
384.155
384.155
384.155
384.155
384.155
384.155
384.155
384.155
384.155
384.155
384.155
384.155
384.155
384.155
384.155
384.155
384.155
384.155
384.155
384.155
384.155
384.155
384.155
384.155
384.155
384.155
384.155
384.155
384.155
384.155
384.155
384.155
384.155
384.155
384.155
384.155
384.155
384.155
384.155
384.155
384.155
384.155
384.155
384.155
384.155
384.155
384.155
384.155
384.155
384.155
384.155
384.155
384.155
384.155
384.155
384.155
384.155
384.155
384.155
384.155
384.155
384.155
384.155
384.155
384.155
384.155
384.155
384.155
384.155
384.155
384.155
384.155
384.155
384.155
384.155
384.155
384.155
384.155
384.155
384.155
384.155
384.155
384.155
384.155
384.155
384.155
384.155
384.155
384.155
384.155
384.155
384.155
384.155
384.155
384.155
384.155
384.155
384.155
384.155
384.155
384.155
384.155
384.155
384.155
384.155
384.155
384.155
384.155
384.155
384.155
384.155
384.155
384.155
384.155
384.155
384.155
384.155
384.155
384.155
384.155
384.155
384.155
384.155
384.155
384.155
384.155
384.155
384.155
384.155
384.155
384.155
384.155
384.155
384.155
384.155
384.155
384.155
384.155
384.155
384.155
384.155
384.155
384.155
384.155
384.155
384.155
384.155
384.155
384.155
384.155
384.155
384.155
384.155
384.155
384.155
384.155
384.155
384.155
384.155
384.155
384.155
384.155
384.155
384.155
384.155
384.155
384.155
384.155
384.155
384.155
384.155
384.155
384.155
384.155
384.155
384.155
384.155
384.155
384.155
384.155
384.155
384.155
384.155
384.155
384.155
384.155
384.155
384.155
384.155
384.155
384.155
384.155
384.155
384.155
384.155
384.155
384.155
384.155
384.155
384.155
384.155
384.155
384.155
384.155
384.155
384.155
384.155
384.155
384.155
384.155
384.155
384.155
384.155
384.155
384.155
384.155
384.155
384.155
384.155
384.155
384.155
384.155
384.155
384.155
384.155
384.155
384.155
384.155
384.155
384.155
384.155
384.155
384.155
384.155
384.155
384.155
384.155
384.155
384.155
384.155
384.155
384.155
384.155
384.155
384.155
384.155
384.155
384.155
384.155
384.155
384.155
384.155
384.155
384.155
384.155
384.155
384.155
384.155
384.155
384.155
384.155
384.155
384.155
384.155
384.155
384.155
384.155
384.155
384.155
384.155
384.155
384.155
384.155
384.155
384.155
384.155
384.155
384.155
384.155
384.155
384.155
384.155
384.155
384.155
384.155
384.155
384.155
384.155
384.155
384.155
384.155
384.155
384.155
384.155
384.155
384.155
384.155
384.155
384.155
384.155
384.155
384.155
384.155
384.155
384.155
384.155
384.155
384.155
384.155
384.155
384.155
384.155
384.155
384.155
384.155
384.155
384.155
384.155
384.155
384.155
384.155
384.155
384.155
384.155
384.155
384.155
384.155
384.155
384.155
384.155
384.155
384.155
384.155
384.155
384.155
384.155
384.155
384.155
384.155
384.155
384.155
384.155
384.155
384.155
384.155
384.155
384.155
384.155
384.155
384.155
384.155
384.155
384.155
384.155
384.155
384.155
384.155
384.155
384.155
384.155
384.155
384.155
384.155
384.155
384.155
384.155
384.155
384.155
384.155
384.155
384.155
384.155
384.155
384.155
384.155
384.155
384.155
384.155
384.155
384.155
384.155
384.155
384.155
384.155
384.155
384.155
384.155
384.155
384.155
384.155
384.155
384.155
384.155
384.155
384.155
384.155
384.155
384.155
384.155
384.155
384.155
384.155
384.155
384.155
384.155
384.155
384.155
384.155
384.155
384.155
384.155
384.155
384.155
384.155
384.155
384.155
384.155
384.155
384.155
384.155
384.155
384.155
384.155
384.155
384.155
384.155
384.155
384.155
384.155
384.155
384.155
384.155
384.155
384.155
384.155
384.155
384.155
384.155
384.155
384.155
384.155
384.155
384.155
384.155
384.155
384.155
384.155
384.155
384.155
384.155
384.155
384.155
384.155
384.155
384.155
384.155
384.155
384.155
384.155
384.155
384.155
384.155
384.155
384.155
384.155
384.155
384.155
384.155
384.155
384.155
384.155
384.155
384.155
384.155
384.155
384.155
384.155
384.155
384.155
384.155
384.155
384.155
384.155
384.155
384.155
384.155
384.155
384.155
384.155
384.155
384.155
384.155
384.155
384.155
384.155
384.155
384.155
384.155
384.155
384.155
384.155
384.155
384.155
384.155
384.155
384.155
384.155
384.155
384.155
384.155
384.155
384.155
384.155
384.155
384.155
384.155
384.155
384.155
384.155
384.155
384.155
384.155
384.155
384.155
384.155
384.155
384.155
384.155
384.155
384.155
384.155
384.155
384.155
384.155
384.155
384.155
384.155
384.155
384.155
384.155
384.155
384.155
384.155
384.155
384.155
384.155
384.155
384.155
384.155
384.155
384.155
384.155
384.155
384.155
384.155
384.155
384.155
384.155
384.155
384.155
384.155
384.155
384.155
384.155
384.155
384.155
384.155
384.155
384.155
384.155
384.155
384.155
384.155
384.155
384.155
384.155
384.155
384.155
384.155
384.155
384.155
384.155
384.155
384.155
384.155
384.155
384.155
384.155
384.155
384.155
384.155
384.155
384.155
384.155
384.155
384.155
384.155
384.155
384.155
384.155
384.155
384.155
384.155
384.155
384.155
384.155
384.155
384.155
384.155
384.155
384.155
384.155
384.155
384.155
384.155
384.155
384.155
384.155
384.155
384.155
384.155
384.155
384.155
384.155
384.155
384.155
384.155
384.155
384.155
384.155
384.155
384.155
384.155
384.155
384.155
384.155
384.155
384.155
384.155
384.155
384.155
384.155
384.155
384.155
384.155
384.155
384.155
384.155
384.155
384.155
384.155
384.155
384.155
384.155
384.155
384.155
384.155
384.155
384.155
384.155
384.155
384.155
384.155
384.155
384.155
384.155
384.155
384.155
384.155
384.155
384.155
384.155
384.155
384.155
384.155
384.155
384.155
384.155
384.155
384.155
384.155
384.155
384.155
384.155
384.155
384.155
384.155
384.155
384.155
384.155
384.155
384.155
384.155
384.155
384.155
384.155
384.155
384.155
384.155
384.155
384.155
384.155
384.155
384.155
384.155
384.155
384.155
384.155
384.155
384.155
384.155
384.155
384.155
384.155
384.155
384.155
384.155
384.155
384.155
384.155
384.155
384.155
384.155
384.155
384.155
384.155
384.155
384.155
384.155
384.155
384.155
384.155
384.155
384.155
384.155
384.155
384.155
384.155
384.155
384.155
384.155
384.155
384.155
384.155
384.155
384.155
384.155
384.155
384.155
384.155
384.155
384.155
384.155
384.155
384.155
384.155
384.155
384.155
384.155
384.155
384.155
384.155
384.155
384.155
384.155
384.155
384.155
384.155
384.155
384.155
384.155
384.155
384.155
384.155
384.155
384.155
384.155
384.155
384.155
384.155
384.155
384.155
384.155
384.155
384.155
384.155
384.155
384.155
384.155
384.155
384.155
384.155
384.155
384.155
384.155
384.155
384.155
384.155
384.155
384.155
384.155
384.155
384.155
384.155
384.155
384.155
384.155
384.155
384.155
384.155
384.155
384.155
384.155
384.155
384.155
384.155
384.155
384.155
384.155
384.155
384.155
384.155
384.155
384.155
384.155
384.155
384.155
384.155
384.155
384.155
384.155
384.155
384.155
384.155
384.155
384.155
384.155
384.155
384.155
384.155
384.155
384.155
384.155
384.155
384.155
384.155
384.155
384.155
384.155
384.155
384.155
384.155
384.155
384.155
384.155
384.155
384.155
384.155
384.155
384.155
384.155
384.155
384.155
384.155
384.155
384.155
384.155
384.155
384.155
384.155
384.155
384.155
384.155
384.155
384.155
384.155
384.155
384.155
384.155
384.155
384.155
384.155
384.155
384.155
384.155
384.155
384.155
384.155
384.155
384.155
384.155
384.155
384.155
384.155
384.155
384.155
384.155
384.155
384.155
384.155
384.155
384.155
384.155
384.155
384.155
384.155
384.155
384.155
384.155
384.155
384.155
384.155
384.155
384.155
384.155
384.155
384.155
384.155
384.155
384.155
384.155
384.155
384.155
384.155
384.155
384.155
384.155
384.155
384.155
384.155
384.155
384.155
384.155
384.155
384.155
384.155
384.155
384.155
384.155
384.155
384.155
384.155
384.155
384.155
384.155
384.155
384.155
384.155
384.155
384.155
384.155
384.155
384.155
384.155
384.155
384.155
384.155
384.155
384.155
384.155
384.155
384.155
384.155
384.155
384.155
384.155
384.155
384.155
384.155
384.155
384.155
384.155
384.155
384.155
384.155
384.155
384.155
384.155
384.155
384.155
384.155
384.155
384.155
384.155
384.155
384.155
384.155
384.155
384.155
384.155
384.155
384.155
384.155
384.155
384.155
384.155
384.155
384.155
384.155
384.155
384.155
384.155
384.155
384.155
384.155
384.155
384.155
384.155
384.155
384.155
384.155
384.155
384.155
384.155
384.155
384.155
384.155
384.155
384.155
384.155
384.155
384.155
384.155
384.155
384.155
384.155
384.155
384.155
384.155
384.155
384.155
384.155
384.155
384.155
384.155
384.155
384.155
384.155
384.155
384.155
384.155
384.155
384.155
384.155
384.155
384.155
384.155
384.155
384.155
384.155
384.155
384.155
384.155
384.155
384.155
384.155
384.155
384.155
384.155
384.155
384.155
384.155
384.155
384.155
384.155
384.155
384.155
384.155
384.155
384.155
384.155
384.155
384.155
384.155
384.155
384.155
384.155
384.155
384.155
384.155
384.155
384.155
384.155
384.155
384.155
384.155
384.155
384.155
384.155
384.155
384.155
384.155
384.155
384.155
384.155
384.155
384.155
384.155
384.155
384.155
384.155
384.155
384.155
384.155
384.155
384.155
384.155
384.155
384.155
384.155
384.155
384.155
384.155
384.155
384.155
384.155
384.155
384.155
384.155
384.155
384.155
384.155
384.155
384.155
384.155
384.155
384.155
384.155
384.155
384.155
384.155
384.155
384.155
384.155
384.155
384.155
384.155
384.155
384.155
384.155
384.155
384.155
384.155
384.155
384.155
384.155
384.155
384.155
384.155
384.155
384.155
384.155
384.155
384.155
384.155
384.155
384.155
384.155
384.155
384.155
384.155
384.155
384.155
384.155
384.155
384.155
384.155
384.155
384.155
384.155
384.155
384.155
384.155
384.155
384.155
384.155
384.155
384.155
384.155
384.155
384.155
384.155
384.155
384.155
384.155
384.155
384.155
384.155
384.155
384.155
384.155
384.155
384.155
384.155
384.155
384.155
384.155
384.155
384.155
384.155
384.155
384.155
384.155
384.155
384.155
384.155
384.155
384.155
384.155
384.155
384.155
384.155
384.155
384.155
384.155
384.155
384.155
384.155
384.155
384.155
384.155
384.155
384.155
384.155
384.155
384.155
384.155
384.155
384.155
384.155
384.155
384.155
384.155
384.155
384.155
384.155
384.155
384.155
384.155
384.155
384.155
384.155
384.155
384.155
384.155
384.155
384.155
384.155
384.155
384.155
384.155
384.155
384.155
384.155
384.155
384.155
384.155
384.155
384.155
384.155
384.155
384.155
384.155
384.155
384.155
384.155
384.155
384.155
384.155
384.155
384.155
384.155
384.155
384.155
384.155
384.155
384.155
384.155
384.155
384.155
384.155
384.155
384.155
384.155
384.155
384.155
384.155
384.155
384.155
384.155
384.155
384.155
384.155
384.155
384.155
384.155
384.155
384.155
384.155
384.155
384.155
384.155
384.155
384.155
384.155
384.155
384.155
384.155
384.155
384.155
384.155
384.155
384.155
384.155
384.155
384.155
384.155
384.155
384.155
384.155
384.155
384.155
384.155
384.155
384.155
384.155
384.155
384.155
384.155
384.155
384.155
384.155
384.155
384.155
384.155
384.155
384.155
384.155
384.155
384.155
384.155
384.155
384.155
384.155
384.155
384.155
384.155
384.155
384.155
384.155
384.155
384.155
384.155
384.155
384.155
384.155
384.155
384.155
384.155
384.155
384.155
384.155
384.155
384.155
384.155
384.155
384.155
384.155
384.155
384.155
384.155
384.155
384.155
384.155
384.155
384.155
384.155
384.155
384.155
384.155
384.155
384.155
384.155
384.155
384.155
384.155
384.155
384.155
384.155
384.155
384.155
384.155
384.155
384.155
384.155
384.155
384.155
384.155
384.155
384.155
384.155
384.155
384.155
384.155
384.155
384.155
384.155
384.155
384.155
384.155
384.155
384.155
384.155
384.155
384.155
384.155
384.155
384.155
384.155
384.155
384.155
384.155
384.155
384.155
384.155
384.155
384.155
384.155
384.155
384.155
384.155
384.155
384.155
384.155
384.155
384.155
384.155
384.155
384.155
384.155
384.155
384.155
384.155
384.155
384.155
384.155
384.155
384.155
384.155
384.155
384.155
384.155
384.155
384.155
384.155
384.155
384.155
384.155
384.155
384.155
384.155
384.155
384.155
384.155
384.155
384.155
384.155
384.155
384.155
384.155
384.155
384.155
384.155
384.155
384.155
384.155
384.155
384.155
384.155
384.155
384.155
384.155
384.155
384.155
384.155
384.155
384.155
384.155
384.155
384.155
384.155
384.155
384.155
384.155
384.155
384.155
384.155
384.155
384.155
384.155
384.155
384.155
384.155
384.155
384.155
384.155
384.155
384.155
384.155
384.155
384.155
384.155
384.155
384.155
384.155
384.155
384.155
384.155
384.155
384.155
384.155
384.155
384.155
384.155
384.155
384.155
384.155
384.155
384.155
384.155
384.155
384.155
384.155
384.155
384.155
384.155
384.155
384.155
384.155
384.155
384.155
384.155
384.155
384.155
384.155
384.155
384.155
384.155
384.155
384.155
384.155
384.155
384.155
384.155
384.155
384.155
384.155
384.155
384.155
384.155
384.155
384.155
384.155
384.155
384.155
384.155
384.155
384.155
384.155
384.155
384.155
384.155
384.155
384.155
384.155
384.155
384.155
384.155
384.155
384.155
384.155
384.155
384.155
384.155
384.155
384.155
384.155
384.155
384.155
384.155
384.155
384.155
384.155
384.155
384.155
384.155
384.155
384.155
384.155
384.155
384.155
384.155
384.155
384.155
384.155
384.155
384.155
384.155
384.155
384.155
384.155
384.155
384.155
384.155
384.155
384.155
384.155
384.155
384.155
384.155
384.155
384.155
384.155
384.155
384.155
384.155
384.155
384.155
384.155
384.155
384.155
384.155
384.155
384.155
384.155
384.155
384.155
384.155
384.155
384.155
384.155
384.155
384.155
384.155
384.155
384.155
384.155
384.155
384.155
384.155
384.155
384.155
384.155
384.155
384.155
384.155
384.155
384.155
384.155
384.155
384.155
384.155
384.155
384.155
384.155
384.155
384.155
384.155
384.155
384.155
384.155
384.155
384.155
384.155
384.155
384.155
384.155
384.155
384.155
384.155
384.155
384.155
384.155
384.155
384.155
384.155
384.155
384.155
384.155
384.155
384.155
384.155
384.155
384.155
384.155
384.155
384.155
384.155
384.155
384.155
384.155
384.155
384.155
384.155
384.155
384.155
384.155
384.155
384.155
384.155
384.155
384.155
384.155
384.155
384.155
384.155
384.155
384.155
384.155
384.155
384.155
384.155
384.155
384.155
384.155
384.155
384.155
384.155
384.155
384.155
384.155
384.155
384.155
384.155
384.155
384.155
384.155
384.155
384.155
384.155
384.155
384.155
384.155
384.155
384.155
384.155
384.155
384.155
384.155
384.155
384.155
384.155
384.155
384.155
384.155
384.155
384.155
384.155
384.155
384.155
384.155
384.155
384.155
384.155
384.155
384.155
384.155
384.155
384.155
384.155
384.155
384.155
384.155
384.155
384.155
384.155
384.155
384.155
384.155
384.155
384.155
384.155
384.155
384.155
384.155
384.155
384.155
384.155
384.155
384.155
384.155
384.155
384.155
384.155
384.155
384.155
384.155
384.155
384.155
384.155
384.155
384.155
384.155
384.155
384.155
384.155
384.155
384.155
384.155
384.155
384.155
384.155
384.155
384.155
384.155
384.155
384.155
384.155
384.155
384.155
384.155
384.155
384.155
384.155
384.155
384.155
384.155
384.155
384.155
384.155
384.155
384.155
384.155
384.155
384.155
384.155
384.155
384.155
384.155
384.155
384.155
384.155
384.155
384.155
384.155
384.155
384.155
384.155
384.155
384.155
384.155
384.155
384.155
384.155
384.155
384.155
384.155
384.155
384.155
384.155
384.155
384.155
384.155
384.155
384.155
384.155
384.155
384.155
384.155
384.155
384.155
384.155
384.155
384.155
384.155
384.155
384.155
384.155
384.155
384.155
384.155
384.155
384.155
384.155
384.155
384.155
384.155
384.155
384.155
384.155
384.155
384.155
384.155
384.155
384.155
384.155
384.155
384.155
384.155
384.155
384.155
384.155
384.155
384.155
384.155
384.155
384.155
384.155
384.155
384.155
384.155
384.155
384.155
384.155
384.155
384.155
384.155
384.155
384.155
384.155
384.155
384.155
384.155
384.155
384.155
384.155
384.155
384.155
384.155
384.155
384.155
384.155
384.155
384.155
384.155
384.155
384.155
384.155
384.155
384.155
384.155
384.155
384.155
384.155
384.155
384.155
384.155
384.155
384.155
384.155
384.155
384.155
384.155
384.155
384.155
384.155
384.155
384.155
384.155
384.155
384.155
384.155
384.155
384.155
384.155
384.155
384.155
384.155
384.155
384.155
384.155
384.155
384.155
384.155
384.155
384.155
384.155
384.155
384.155
384.155
384.155
384.155
384.155
384.155
384.155
384.155
384.155
384.155
384.155
384.155
384.155
384.155
384.155
384.155
384.155
384.155
384.155
384.155
384.155
384.155
384.155
384.155
384.155
384.155
384.155
384.155
384.155
384.155
384.155
384.155
384.155
384.155
384.155
384.155
384.155
384.155
384.155
384.155
384.155
384.155
384.155
384.155
384.155
384.155
384.155
384.155
384.155
384.155
384.155
384.155
384.155
384.155
384.155
384.155
384.155
384.155
384.155
384.155
384.155
384.155
384.155
384.155
384.155
384.155
384.155
384.155
384.155
384.155
384.155
384.155
384.155
384.155
384.155
384.155
384.155
384.155
384.155
384.155
384.155
384.155
384.155
384.155
384.155
384.155
384.155
384.155
384.155
384.155
384.155
384.155
384.155
384.155
384.155
384.155
384.155
384.155
384.155
384.155
384.155
384.155
384.155
384.155
384.155
384.155
384.155
384.155
384.155
384.155
384.155
384.155
384.155
384.155
384.155
384.155
384.155
384.155
384.155
384.155
384.155
384.155
384.155
384.155
384.155
384.155
384.155
384.155
384.155
384.155
384.155
384.155
384.155
384.155
384.155
384.155
384.155
384.155
384.155
384.155
384.155
384.155
384.155
384.155
384.155
384.155
384.155
384.155
384.155
384.155
384.155
384.155
384.155
384.155
384.155
384.155
384.155
384.155
384.155
384.155
384.155
384.155
384.155
384.155
384.155
384.155
384.155
384.155
384.155
384.155
384.155
384.155
384.155
384.155
384.155
384.155
384.155
384.155
384.155
384.155
384.155
384.155
384.155
384.155
384.155
384.155
384.155
384.155
384.155
384.155
384.155
384.155
384.155
384.155
384.155
384.155
384.155
384.155
384.155
384.155
384.155
384.155
384.155
384.155
384.155
384.155
384.155
384.155
384.155
384.155
384.155
384.155
384.155
384.155
384.155
384.155
384.155
384.155
384.155
384.155
384.155
384.155
384.155
384.155
384.155
384.155
384.155
384.155
384.155
384.155
384.155
384.155
384.155
384.155
384.155
384.155
384.155
384.155
384.155
384.155
384.155
384.155
384.155
384.155
384.155
384.155
384.155
384.155
384.155
384.155
384.155
384.155
384.155
384.155
384.155
384.155
384.155
384.155
384.155
384.155
384.155
384.155
384.155
384.155
384.155
384.155
384.155
384.155
384.155
384.155
384.155
384.155
384.155
384.155
384.155
384.155
384.155
384.155
384.155
384.155
384.155
384.155
384.155
384.155
384.155
384.155
384.155
384.155
384.155
384.155
384.155
384.155
384.155
384.155
384.155
384.155
384.155
384.155
384.155
384.155
384.155
384.155
384.155
384.155
384.155
384.155
384.155
384.155
384.155
384.155
384.155
384.155
384.155
384.155
384.155
384.155
384.155
384.155
384.155
384.155
384.155
384.155
384.155
384.155
384.155
384.155
384.155
384.155
384.155
384.155
384.155
384.155
384.155
384.155
384.155
384.155
384.155
384.155
384.155
384.155
384.155
384.155
384.155
384.155
384.155
384.155
384.155
384.155
384.155
384.155
384.155
384.155
384.155
384.155
384.155
384.155
384.155
384.155
384.155
384.155
384.155
384.155
384.155
384.155
384.155
384.155
384.155
384.155
384.155
384.155
384.155
384.155
384.155
384.155
384.155
384.155
384.155
384.155
384.155
384.155
384.155
384.155
384.155
384.155
384.155
384.155
384.155
384.155
384.155
384.155
384.155
384.155
384.155
384.155
384.155
384.155
384.155
384.155
384.155
384.155
384.155
384.155
384.155
384.155
384.155
384.155
384.155
384.155
384.155
384.155
384.155
384.155
384.155
384.155
384.155
384.155
384.155
384.155
384.155
384.155
384.155
384.155
384.155
384.155
384.155
384.155
384.155
384.155
384.155
384.155
384.155
384.155
384.155
384.155
384.155
384.155
384.155
384.155
384.155
384.155
384.155
384.155
384.155
384.155
384.155
384.155
384.155
384.155
384.155
384.155
384.155
384.155
384.155
384.155
384.155
384.155
384.155
384.155
384.155
384.155
384.155
384.155
384.155
384.155
384.155
384.155
384.155
384.155
384.155
384.155
384.155
384.155
384.155
384.155
384.155
384.155
384.155
384.155
384.155
384.155
384.155
384.155
384.155
384.155
384.155
384.155
384.155
384.155
384.155
384.155
384.155
384.155
384.155
384.155
384.155
384.155
384.155
384.155
384.155
384.155
384.155
384.155
384.155
384.155
384.155
384.155
384.155
384.155
384.155
384.155
384.155
384.155
384.155
384.155
384.155
384.155
384.155
384.155
384.155
384.155
384.155
384.155
384.155
384.155
384.155
384.155
384.155
384.155
384.155
384.155
384.155
384.155
384.155
384.155
384.155
384.155
384.155
384.155
384.155
384.155
384.155
384.155
384.155
384.155
384.155
384.155
384.155
384.155
384.155
384.155
384.155
384.155
384.155
384.155
384.155
384.155
384.155
384.155
384.155
384.155
384.155
384.155
384.155
384.155
384.155
384.155
384.155
384.155
384.155
384.155
384.155
384.155
384.155
384.155
384.155
384.155
384.155
384.155
384.155
384.155
384.155
384.155
384.155
384.155
384.155
384.155
384.155
384.155
384.155
384.155
384.155
384.155
384.155
384.155
384.155
384.155
384.155
384.155
384.155
384.155
384.155
384.155
384.155
384.155
384.155
384.155
384.155
384.155
384.155
384.155
384.155
384.155
384.155
384.155
384.155
384.155
384.155
384.155
384.155
384.155
384.155
384.155
384.155
384.155
384.155
384.155
384.155
384.155
384.155
384.155
384.155
384.155
384.155
384.155
384.155
384.155
384.155
384.155
384.155
384.155
384.155
384.155
384.155
384.155
384.155
384.155
384.155
384.155
384.155
384.155
384.155
384.155
384.155
384.155
384.155
384.155
384.155
384.155
384.155
384.155
384.155
384.155
384.155
384.155
384.155
384.155
384.155
384.155
384.155
384.155
384.155
384.155
384.155
384.155
384.155
384.155
384.155
384.155
384.155
384.155
384.155
384.155
384.155
384.155
384.155
384.155
384.155
384.155
384.155
384.155
384.155
384.155
384.155
384.155
384.155
384.155
384.155
384.155
384.155
384.155
384.155
384.155
384.155
384.155
384.155
384.155
384.155
384.155
384.155
384.155
384.155
384.155
384.155
384.155
384.155
384.155
384.155
384.155
384.155
384.155
384.155
384.155
384.155
384.155
384.155
384.155
384.155
384.155
384.155
384.155
384.155
384.155
384.155
384.155
384.155
384.155
384.155
384.155
384.155
384.155
384.155
384.155
384.155
384.155
384.155
384.155
384.155
384.155
384.155
384.155
384.155
384.155
384.155
384.155
384.155
384.155
384.155
384.155
384.155
384.155
384.155
384.155
384.155
384.155
384.155
384.155
384.155
384.155
384.155
384.155
384.155
384.155
384.155
384.155
384.155
384.155
384.155
384.155
384.155
384.155
384.155
384.155
384.155
384.155
384.155
384.155
384.155
384.155
384.155
384.155
384.155
384.155
384.155
384.155
384.155
384.155
384.155
384.155
384.155
384.155
384.155
384.155
384.155
384.155
384.155
384.155
384.155
384.155
384.155
384.155
384.155
384.155
384.155
384.155
384.155
384.155
384.155
384.155
384.155
384.155
384.155
384.155
384.155
384.155
384.155
384.155
384.155
384.155
384.155
384.155
384.155
384.155
384.155
384.155
384.155
384.155
384.155
384.155
384.155
384.155
384.155
384.155
384.155
384.155
384.155
384.155
384.155
384.155
384.155
384.155
384.155
384.155
384.155
384.155
384.155
384.155
384.155
384.155
384.155
384.155
384.155
384.155
384.155
384.155
384.155
384.155
384.155
384.155
384.155
384.155
384.155
384.155
384.155
384.155
384.155
384.155
384.155
384.155
384.155
384.155
384.155
384.155
384.155
384.155
384.155
384.155
384.155
384.155
384.155
384.155
384.155
384.155
384.155
384.155
384.155
384.155
384.155
384.155
384.155
384.155
384.155
384.155
384.155
384.155
384.155
384.155
384.155
384.155
384.155
384.155
384.155
384.155
384.155
384.155
384.155
384.155
384.155
384.155
384.155
384.155
384.155
384.155
384.155
384.155
384.155
384.155
384.155
384.155
384.155
384.155
384.155
384.155
384.155
384.155
384.155
384.155
384.155
384.155
384.155
384.155
384.155
384.155
384.155
384.155
384.155
384.155
384.155
384.155
384.155
384.155
384.155
384.155
384.155
384.155
384.155
384.155
384.155
384.155
384.155
384.155
384.155
384.155
384.155
384.155
384.155
384.155
384.155
384.155
384.155
384.155
384.155
384.155
384.155
384.155
384.155
384.155
384.155
384.155
384.155
384.155
384.155
384.155
384.155
384.155
384.155
384.155
384.155
384.155
384.155
384.155
384.155
384.155
384.155
384.155
384.155
384.155
384.155
384.155
384.155
384.155
384.155
384.155
384.155
384.155
384.155
384.155
384.155
384.155
384.155
384.155
384.155
384.155
384.155
384.155
384.155
384.155
384.155
384.155
384.155
384.155
384.155
384.155
384.155
384.155
384.155
384.155
384.155
384.155
384.155
384.155
384.155
384.155
384.155
383.349
382.538
380.81
379.999
378.077
376.049
374.022
371.994
369.966
367.939
365.911
363.883
361.855
359.828
357.8
355.772
353.744
351.717
349.689
347.661
345.634
343.606
341.578
339.55
337.523
335.495
333.467
331.44
329.412
327.384
325.356
323.329
321.301
319.273
317.246
315.218
313.19
311.162
309.135
307.107
305.079
303.052
301.024
298.996
296.968
294.941
292.913
290.885
288.858
286.83
284.802
282.774
280.747
278.719
276.691
274.664
272.636
270.608
268.58
266.553
264.525
262.497
260.47
258.442
256.414
254.386
252.359
250.331
248.303
246.276
244.248
242.22
240.192
238.165
236.137
234.109
232.082
230.054
228.026
225.998
223.971
221.943
219.915
217.888
215.86
213.832
211.804
209.777
207.749
205.721
203.694
201.666
199.638
197.61
195.583
193.555
191.527
189.499
187.472
185.444
184.978
184.905
184.833
184.76
184.688
184.616
184.543
184.471
184.399
184.326
184.254
184.181
184.109
184.037
183.964
183.892
183.82
183.747
183.66
183.557
183.444
183.323
183.194
183.057
182.911
182.754
182.585
182.405
182.224
182.043
181.862
181.681
181.5
181.319
181.138
180.957
180.776
180.595
180.414
180.233
