-1.5708
-1.56923
-1.56743
-1.5676
-1.56774
-1.56798
-1.56819
-1.56838
-1.56859
-1.5688
-1.569
-1.5692
-1.56941
-1.56961
-1.56981
-1.57001
-1.57021
-1.5704
-1.57064
-1.57079
-1.5708
-1.5708
-1.5708
-1.5708
-1.5708
-1.5708
-1.5708
-1.5708
-1.5708
-1.5708
-1.5708
-1.5708
-1.5708
-1.5708
-1.5708
-1.5708
-1.5708
-1.57072
-1.57056
-1.57037
-1.57017
-1.5700160199388549
-1.5698620405585975
-1.5697080618825983
-1.5695540839342272
-1.5694001067368548
-1.5692461303138507
-1.5690921546885852
-1.5689381798844277
-1.5687842059247485
-1.568630232832917
-1.5684762606323024
-1.5683222893462745
-1.5681683189982025
-1.5680143496114554
-1.567860381209402
-1.5677064138154115
-1.5675524474528526
-1.5673984821450941
-1.5672445179155041
-1.5670905547874512
-1.5669365927843033
-1.5667826319294287
-1.566628672246195
-1.56647471375797
-1.5663207564881212
-1.566166800460016
-1.5660128456970217
-1.5658588922225054
-1.565704940059834
-1.5655509892323742
-1.5653970397634926
-1.5652430916765554
-1.5650891449949287
-1.5649351997419785
-1.5647812559410705
-1.5646273136155704
-1.5644733727888436
-1.5643194334842552
-1.56416549572517
-1.564011559534953
-1.5638576249369691
-1.563703691954582
-1.5635497606111561
-1.5633958309300555
-1.5632419029346434
-1.5630879766482835
-1.562934052094339
-1.5627801292961732
-1.5626262082771483
-1.562472289060627
-1.5623183716699718
-1.5621644561285444
-1.5620105424597066
-1.56185663068682
-1.561702720833246
-1.5615488129223454
-1.5613949069774788
-1.561241003022007
-1.56108710107929
-1.5609332011726877
-1.56077930332556
-1.5606254075612658
-1.5604715139031644
-1.5603176223746147
-1.560163732998975
-1.5600098457996037
-1.5598559607998588
-1.5597020780230977
-1.5595481974926777
-1.5593943192319561
-1.5592404432642895
-1.559086569613034
-1.5589326983015461
-1.5587788293531815
-1.5586249627912954
-1.558471098639243
-1.558317236920379
-1.5581633776580581
-1.5580095208756346
-1.5578556665964618
-1.5577018148438933
-1.5575479656412823
-1.5573941190119815
-1.5572402749793433
-1.5570864335667198
-1.5569325947974626
-1.556778758694923
-1.5566249252824522
-1.5564710945834006
-1.5563172666211187
-1.556163441418956
-1.5560096190002621
-1.5558557993883864
-1.5557019826066774
-1.5555481686784833
-1.5553943576271523
-1.5552405494760317
-1.555086744248469
-1.5549329419678106
-1.5547791426574031
-1.5546253463405924
-1.5544715530407238
-1.5543177627811426
-1.5541639755851937
-1.5540101914762212
-1.5538564104775692
-1.553702632612581
-1.5535488579045995
-1.5533950863769674
-1.553241318053027
-1.5530875529561199
-1.5529337911095873
-1.5527800325367702
-1.5526262772610089
-1.5524725253056433
-1.552318776694013
-1.5521650314494568
-1.5520112895953135
-1.551857551154921
-1.5517038161516175
-1.5515500846087393
-1.5513963565496238
-1.5512426319976067
-1.551088910976024
-1.550935193508211
-1.5507814796175023
-1.5506277693272323
-1.5504740626607347
-1.5503203596413426
-1.5501666602923891
-1.5500129646372065
-1.5498592726991265
-1.54970558450148
-1.5495519000675981
-1.549398219420811
-1.5492445425844483
-1.5490908695818393
-1.5489372004363129
-1.5487835351711967
-1.5486298738098185
-1.5484762163755057
-1.5483225628915844
-1.548168913381381
-1.5480152678682204
-1.547861626375428
-1.5477079889263279
-1.5475543555442437
-1.5474007262524991
-1.5472471010744164
-1.5470934800333178
-1.5469398631525246
-1.5467862504553582
-1.5466326419651388
-1.546479037705186
-1.5463254376988191
-1.546171841969357
-1.5460182505401177
-1.5458646634344182
-1.5457110806755758
-1.5455575022869066
-1.5454039282917262
-1.54525035871335
-1.5450967935750919
-1.5449432329002661
-1.5447896767121856
-1.5446361250341631
-1.5444825778895108
-1.54432903530154
-1.544175497293561
-1.5440219638888844
-1.5438684351108192
-1.5437149109826747
-1.5435613915277588
-1.543407876769379
-1.5432543667308425
-1.543100861435455
-1.5429473609065227
-1.54279386516735
-1.5426403742412413
-1.5424868881515004
-1.54233340692143
-1.5421799305743327
-1.5420264591335096
-1.5418729926222619
-1.54171953106389
-1.541566074481693
-1.5414126228989702
-1.5412591763390195
-1.5411057348251385
-1.5409522983806236
-1.5407988670287713
-1.540645440792877
-1.5404920196962348
-1.5403386037621394
-1.5401851930138835
-1.5400317874747598
-1.5398783871680601
-1.5397249921170755
-1.539571602345096
-1.5394182178754117
-1.5392648387313113
-1.5391114649360829
-1.5389580965130136
-1.5388047334853907
-1.5386513758764997
-1.5384980237096257
-1.5383446770080533
-1.538191335795066
-1.5380380000939466
-1.5378846699279773
-1.5377313453204398
-1.5375780262946142
-1.5374247128737806
-1.5372714050812177
-1.5371181029402041
-1.5369648064740171
-1.5368115157059334
-1.536658230659229
-1.5365049513571785
-1.5363516778230566
-1.5361984100801367
-1.5360451481516915
-1.5358918920609927
-1.5357386418313117
-1.5355853974859184
-1.5354321590480824
-1.5352789265410722
-1.5351256999881557
-1.5349724794125998
-1.5348192648376708
-1.5346660562866337
-1.534512853782753
-1.5343596573492924
-1.5342064670095146
-1.5340532827866813
-1.533900104704054
-1.5337469327848925
-1.5335937670524564
-1.533440607530004
-1.533287454240793
-1.5331343072080803
-1.5329811664551216
-1.5328280320051717
-1.532674903881485
-1.5325217821073147
-1.532368666705913
-1.5322155577005316
-1.532062455114421
-1.531909358970831
-1.53175626929301
-1.531603186104206
-1.531450109427666
-1.531297039286636
-1.5311439757043612
-1.530990918704086
-1.5308378683090533
-1.5306848245425058
-1.5305317874276847
-1.5303787569878307
-1.5302257332461833
-1.5300727162259813
-1.5299197059504621
-1.5297667024428627
-1.529613705726419
-1.5294607158243656
-1.5293077327599367
-1.529154756556365
-1.5290017872368826
-1.5288488248247205
-1.5286958693431087
-1.5285429208152763
-1.5283899792644515
-1.5282370447138616
-1.5280841171867323
-1.527931196706289
-1.5277782832957558
-1.527625376978356
-1.527472477777312
-1.5273195857158448
-1.5271667008171745
-1.5270138231045203
-1.5268609526011003
-1.5267080893301317
-1.526555233314831
-1.5264023845784127
-1.5262495431440912
-1.5260967090350794
-1.5259438822745897
-1.5257910628858329
-1.525638250892019
-1.525485446316357
-1.5253326491820545
-1.5251798595123187
-1.5250270773303554
-1.524874302659369
-1.5247215355225632
-1.5245687759431408
-1.5244160239443032
-1.524263279549251
-1.5241105427811836
-1.5239578136632994
-1.5238050922187956
-1.5236523784708682
-1.5234996724427126
-1.5233469741575223
-1.5231942836384909
-1.5230416009088097
-1.5228889259916694
-1.5227362589102598
-1.5225835996877692
-1.522430948347385
-1.5222783049122937
-1.5221256694056804
-1.5219730418507291
-1.5218204222706224
-1.5216678106885426
-1.5215152071276699
-1.521362611611184
-1.5212100241622633
-1.521057444804085
-1.5209048735598252
-1.5207523104526588
-1.5205997555057595
-1.5204472087423002
-1.5202946701854523
-1.5201421398583859
-1.5199896177842704
-1.5198371039862735
-1.5196845984875622
-1.519532101311302
-1.5193796124806571
-1.5192271320187913
-1.5190746599488665
-1.5189221962940431
-1.5187697410774812
-1.518617294322339
-1.5184648560517744
-1.518312426288943
-1.5181600050569994
-1.5180075923790979
-1.5178551882783904
-1.5177027927780284
-1.5175504059011617
-1.5173980276709391
-1.517245658110508
-1.5170932972430151
-1.5169409450916052
-1.516788601679422
-1.5166362670296085
-1.5164839411653057
-1.5163316241096536
-1.5161793158857912
-1.516027016516856
-1.515874726025984
-1.5157224444363104
-1.515570171770969
-1.5154179080530925
-1.515265653305812
-1.5151134075522572
-1.514961170815557
-1.5148089431188387
-1.5146567244852283
-1.5145045149378504
-1.5143523144998285
-1.514200123194285
-1.5140479410443408
-1.5138957680731153
-1.5137436043037265
-1.5135914497592915
-1.5134393044629262
-1.5132871684377445
-1.5131350417068594
-1.5129829242933825
-1.5128308162204243
-1.5126787175110934
-1.5125266281884977
-1.5123745482757431
-1.5122224777959348
-1.5120704167721761
-1.5119183652275694
-1.5117663231852156
-1.5116142906682142
-1.511462267699663
-1.5113102543026586
-1.5111582505002967
-1.5110062563156712
-1.5108542717718745
-1.510702296891998
-1.5105503316991318
-1.5103983762163637
-1.5102464304667813
-1.5100944944734696
-1.5099425682595133
-1.509790651847995
-1.5096387452619962
-1.5094868485245967
-1.5093349616588752
-1.5091830846879088
-1.5090312176347735
-1.5088793605225432
-1.508727513374291
-1.5085756762130882
-1.5084238490620046
-1.508272031944109
-1.5081202248824683
-1.5079684279001482
-1.5078166410202127
-1.5076648642657249
-1.5075130976597457
-1.507361341225335
-1.5072095949855513
-1.5070578589634511
-1.5069061331820899
-1.5067544176645213
-1.5066027124337982
-1.506451017512971
-1.5062993329250893
-1.5061476586932012
-1.5059959948403527
-1.505844341389589
-1.5056926983639534
-1.5055410657864878
-1.5053894436802326
-1.5052378320682267
-1.5050862309735074
-1.5049346404191104
-1.5047830604280699
-1.5046314910234186
-1.504479932228188
-1.5043283840654078
-1.5041768465581058
-1.5040253197293083
-1.503873803602041
-1.5037222981993268
-1.5035708035441877
-1.5034193196596444
-1.503267846568715
-1.5031163842944173
-1.5029649328597665
-1.5028134922877767
-1.5026620626014604
-1.5025106438238285
-1.5023592359778901
-1.502207839086653
-1.5020564531731233
-1.5019050782603054
-1.5017537143712023
-1.5016023615288152
-1.5014510197561437
-1.5012996890761856
-1.5011483695119376
-1.5009970610863943
-1.500845763822549
-1.500694477743393
-1.5005432028719166
-1.5003919392311076
-1.5002406868439526
-1.5000894457334368
-1.4999382159225434
-1.499786997434254
-1.4996357902915487
-1.4994845945174058
-1.4993334101348017
-1.4991822371667116
-1.4990310756361087
-1.4988799255659646
-1.4987287869792494
-1.4985776598989313
-1.498426544347977
-1.498275440349351
-1.4981243479260167
-1.4979732671009356
-1.4978221978970672
-1.49767114033737
-1.4975200944448
-1.4973690602423118
-1.4972180377528586
-1.4970670269993913
-1.4969160280048595
-1.4967650407922108
-1.4966140653843916
-1.4964631018043455
-1.4963121500750154
-1.496161210219342
-1.4960102822602641
-1.4958593662207191
-1.4957084621236425
-1.4955575699919679
-1.4954066898486273
-1.495255821716551
-1.4951049656186672
-1.4949541215779028
-1.4948032896171821
-1.4946524697594286
-1.4945016620275635
-1.4943508664445064
-1.4942000830331748
-1.4940493118164844
-1.4938985528173494
-1.493747806058682
-1.4935970715633926
-1.49344634935439
-1.4932956394545809
-1.4931449418868703
-1.4929942566741612
-1.4928435838393548
-1.4926929234053508
-1.4925422753950468
-1.4923916398313384
-1.4922410167371196
-1.4920904061352827
-1.4919398080487174
-1.4917892225003124
-1.491638649512954
-1.491488089109527
-1.491337541312914
-1.4911870061459958
-1.4910364836316514
-1.490885973792758
-1.4907354766521907
-1.490584992232823
-1.4904345205575258
-1.490284061649169
-1.4901336155306202
-1.489983182224745
-1.4898327617544072
-1.4896823541424684
-1.4895319594117886
-1.4893815775852262
-1.489231208685637
-1.489080852735875
-1.4889305097587926
-1.48878017977724
-1.4886298628140655
-1.4884795588921154
-1.4883292680342342
-1.4881789902632643
-1.4880287256020461
-1.4878784740734183
-1.4877282357002173
-1.4875780105052776
-1.4874277985114321
-1.4872775997415113
-1.4871274142183435
-1.4869772419647556
-1.4868270830035721
-1.4866769373576159
-1.4865268050497074
-1.4863766861026653
-1.486226580539306
-1.4860764883824444
-1.485926409654893
-1.4857763443794625
-1.4856262925789612
-1.4854762542761957
-1.4853262294939702
-1.4851762182550874
-1.4850262205823477
-1.4848762364985493
-1.4847262660264886
-1.4845763091889599
-1.484426366008755
-1.4842764365086643
-1.4841265207114755
-1.4839766186399748
-1.483826730316946
-1.483676855765171
-1.4835269950074295
-1.4833771480664988
-1.483227314965155
-1.483077495726171
-1.4829276903723183
-1.4827778989263662
-1.4826281214110817
-1.48247835784923
-1.4823286082635736
-1.4821788726768736
-1.4820291511118886
-1.4818794435913751
-1.4817297501380873
-1.4815800707747773
-1.4814304055241954
-1.4812807544090894
-1.4811311174522053
-1.4809814946762865
-1.4808318861040746
-1.480682291758309
-1.4805327116617264
-1.480383145837062
-1.4802335943070486
-1.4800840570944167
-1.479934534221895
-1.4797850257122096
-1.4796355315880843
-1.4794860518722408
-1.4793365865873993
-1.479187135756277
-1.4790376994015888
-1.478888277546048
-1.4787388702123652
-1.478589477423249
-1.478440099201406
-1.4782907355695398
-1.4781413865503523
-1.4779920521665435
-1.4778427324408105
-1.4776934273958486
-1.4775441370543505
-1.4773948614390067
-1.4772456005725059
-1.477096354477534
-1.4769471231767746
-1.4767979066929096
-1.476648705048618
-1.4764995182665768
-1.4763503463694607
-1.476201189379942
-1.476052047320691
-1.4759029202143754
-1.4757538080836607
-1.47560471095121
-1.4754556288396843
-1.475306561771742
-1.4751575097700393
-1.4750084728572304
-1.4748594510559665
-1.474710444388897
-1.4745614528786688
-1.4744124765479265
-1.4742635154193124
-1.474114569515466
-1.4739656388590252
-1.4738167234726247
-1.4736678233788976
-1.4735189386004741
-1.4733700691599823
-1.4732212150800479
-1.4730723763832942
-1.472923553092342
-1.4727747452298094
-1.4726259528183132
-1.4724771758804667
-1.4723284144388813
-1.4721796685161657
-1.4720309381349264
-1.4718822233177675
-1.4717335240872906
-1.471584840466095
-1.4714361724767773
-1.4712875201419318
-1.4711388834841503
-1.4709902625260227
-1.4708416572901355
-1.4706930677990735
-1.4705444940754184
-1.4703959361417505
-1.4702473940206462
-1.4700988677346807
-1.469950357306426
-1.4698018627584521
-1.469653384113326
-1.4695049213936122
-1.4693564746218735
-1.4692080438206692
-1.4690596290125568
-1.4689112302200908
-1.4687628474658239
-1.4686144807723052
-1.4684661301620823
-1.4683177956576998
-1.4681694772816998
-1.468021175056622
-1.4678728890050037
-1.4677246191493791
-1.4675763655122802
-1.4674281281162365
-1.4672799069837748
-1.4671317021374197
-1.4669835135996927
-1.466835341393113
-1.4666871855401973
-1.4665390460634595
-1.4663909229854113
-1.4662428163285612
-1.4660947261154158
-1.4659466523684788
-1.4657985951102508
-1.4656505543632308
-1.4655025301499143
-1.4653545224927949
-1.4652065314143627
-1.4650585569371062
-1.4649105990835105
-1.4647626578760584
-1.46461473333723
-1.4644668254895026
-1.4643189343553513
-1.4641710599572482
-1.4640232023176627
-1.4638753614590616
-1.4637275374039092
-1.4635797301746667
-1.4634319397937934
-1.4632841662837452
-1.4631364096669754
-1.4629886699659351
-1.4628409472030721
-1.462693241400832
-1.4625455525816573
-1.462397880767988
-1.4622502259822616
-1.4621025882469125
-1.4619549675843726
-1.4618073640170708
-1.4616597775674336
-1.4615122082578846
-1.4613646561108449
-1.4612171211487326
-1.461069603393963
-1.4609221028689485
-1.4607746195960993
-1.4606271535978228
-1.460479704896523
-1.4603322735146016
-1.4601848594744573
-1.4600374627984862
-1.4598900835090816
-1.4597427216286336
-1.4595953771795305
-1.4594480501841567
-1.4593007406648943
-1.4591534486441227
-1.4590061741442184
-1.458858917187555
-1.458711677796503
-1.4585644559934305
-1.4584172518007028
-1.458270065240682
-1.4581228963357276
-1.4579757451081963
-1.4578286115804417
-1.4576814957748148
-1.4575343977136634
-1.457387317419333
-1.4572402549141656
-1.457093210220501
-1.4569461833606754
-1.4567991743570223
-1.456652183231873
-1.4565052100075548
-1.456358254706393
-1.4562113173507094
-1.4560643979628236
-1.4559174965650514
-1.4557706131797064
-1.4556237478290988
-1.4554769005355361
-1.4553300713213229
-1.4551832602087607
-1.4550364672201481
-1.454889692377781
-1.454742935703952
-1.454596197220951
-1.4544494769510645
-1.4543027749165767
-1.4541560911397684
-1.4540094256429177
-1.4538627784482991
-1.4537161495781847
-1.4535695390548438
-1.453422946900542
-1.4532763731375422
-1.4531298177881042
-1.4529832808744854
-1.4528367624189393
-1.452690262443717
-1.4525437809710664
-1.4523973180232321
-1.4522508736224562
-1.4521044477909775
-1.4519580405510313
-1.4518116519248505
-1.4516652819346647
-1.4515189306027005
-1.4513725979511816
-1.451226284002328
-1.451079988778357
-1.4509337123014832
-1.4507874545939174
-1.450641215677868
-1.45049499557554
-1.450348794309135
-1.4502026119008522
-1.4500564483728868
-1.4499103037474317
-1.4497641780466761
-1.4496180712928064
-1.4494719835080057
-1.4493259147144542
-1.4491798649343288
-1.4490338341898032
-1.448887822503048
-1.4487418298962305
-1.4485958563915153
-1.4484499020110635
-1.448303966777033
-1.4481580507115783
-1.4480121538368513
-1.4478662761750005
-1.447720417748171
-1.4475745785785048
-1.4474287586881407
-1.4472829580992146
-1.4471371768338586
-1.446991414914202
-1.446845672362371
-1.4466999492004882
-1.446554245450673
-1.4464085611350417
-1.4462628962757076
-1.4461172508947804
-1.4459716250143666
-1.4458260186565697
-1.4456804318434893
-1.4455348645972224
-1.4453893169398628
-1.4452437888935006
-1.4450982804802224
-1.444952791722112
-1.44480732264125
-1.444661873259713
-1.4445164435995752
-1.444371033682907
-1.4442256435317753
-1.4440802731682443
-1.4439349226143743
-1.4437895918922226
-1.4436442810238428
-1.4434989900312858
-1.4433537189365984
-1.4432084677618247
-1.4430632365290048
-1.442918025260176
-1.4427728339773722
-1.4426276627026238
-1.4424825114579574
-1.442337380265397
-1.4421922691469626
-1.4420471781246713
-1.4419021072205362
-1.4417570564565676
-1.441612025854772
-1.441467015437153
-1.44132202522571
-1.4411770552424394
-1.4410321055093345
-1.4408871760483846
-1.440742266881576
-1.440597378030891
-1.440452509518309
-1.4403076613658057
-1.4401628335953536
-1.4400180262289213
-1.4398732392884743
-1.4397284727959745
-1.4395837267733802
-1.4394390012426466
-1.439294296225725
-1.4391496117445632
-1.4390049478211058
-1.4388603044772936
-1.4387156817350641
-1.4385710796163513
-1.4384264981430854
-1.4382819373371938
-1.438137397220599
-1.4379928778152216
-1.4378483791429773
-1.4377039012257788
-1.4375594440855357
-1.4374150077441532
-1.4372705922235334
-1.4371261975455747
-1.4369818237321723
-1.4368374708052172
-1.4366931387865973
-1.4365488276981966
-1.4364045375618957
-1.4362602683995713
-1.436116020233097
-1.4359717930843423
-1.4358275869751733
-1.4356834019274527
-1.4355392379630392
-1.4353950951037882
-1.435250973371551
-1.4351068727881755
-1.434962793375506
-1.4348187351553832
-1.4346746981496439
-1.4345306823801216
-1.4343866878686458
-1.4342427146370422
-1.4340987627071333
-1.4339548321007378
-1.4338109228396703
-1.4336670349457419
-1.4335231684407603
-1.4333793233465293
-1.4332354996848489
-1.4330916974775152
-1.4329479167463208
-1.4328041575130546
-1.4326604197995019
-1.4325167036274435
-1.4323730090186577
-1.4322293359949179
-1.4320856845779946
-1.431942054789654
-1.4317984466516585
-1.4316548601857668
-1.4315112954137341
-1.4313677523573116
-1.4312242310382468
-1.4310807314782832
-1.4309372536991607
-1.4307937977226153
-1.4306503635703791
-1.4305069512641806
-1.4303635608257441
-1.4302201922767905
-1.430076845639037
-1.4299335209341961
-1.4297902181839772
-1.4296469374100855
-1.4295036786342226
-1.429360441878086
-1.4292172271633696
-1.4290740345117632
-1.4289308639449525
-1.42878771548462
-1.4286445891524435
-1.4285014849700977
-1.4283584029592524
-1.4282153431415745
-1.4280723055387263
-1.4279292901723668
-1.4277862970641504
-1.4276433262357278
-1.4275003777087458
-1.4273574515048477
-1.427214547645672
-1.4270716661528537
-1.426928807048024
-1.4267859703528096
-1.426643156088834
-1.426500364277716
-1.426357594941071
-1.4262148481005097
-1.4260721237776395
-1.4259294219940633
-1.4257867427713804
-1.4256440861311857
-1.4255014520950702
-1.4253588406846212
-1.4252162519214215
-1.4250736858270503
-1.4249311424230822
-1.4247886217310883
-1.4246461237726356
-1.4245036485692864
-1.4243611961425997
-1.42421876651413
-1.4240763597054278
-1.4239339757380398
-1.4237916146335081
-1.4236492764133712
-1.423506961099163
-1.423364668712414
-1.4232223992746498
-1.4230801528073922
-1.4229379293321591
-1.422795728870464
-1.4226535514438166
-1.422511397073722
-1.422369265781681
-1.4222271575891914
-1.4220850725177454
-1.4219430105888318
-1.4218009718239353
-1.421658956244536
-1.4215169638721104
-1.42137499472813
-1.4212330488340628
-1.4210911262113721
-1.4209492268815176
-1.4208073508659542
-1.420665498186133
-1.4205236688635006
-1.4203818629194997
-1.4202400803755684
-1.4200983212531404
-1.4199565855736458
-1.4198148733585099
-1.419673184629154
-1.4195315194069948
-1.4193898777134455
-1.419248259569914
-1.4191066649978048
-1.4189650940185174
-1.4188235466534478
-1.418682022923987
-1.4185405228515218
-1.4183990464574348
-1.4182575937631046
-1.4181161647899048
-1.4179747595592052
-1.417833378092371
-1.4176920204107635
-1.417550686535739
-1.4174093764886497
-1.4172680902908437
-1.4171268279636642
-1.4169855895284507
-1.4168443750065376
-1.4167031844192555
-1.4165620177879303
-1.4164208751338836
-1.4162797564784326
-1.4161386618428902
-1.4159975912485645
-1.4158565447167595
-1.4157155222687747
-1.4155745239259052
-1.4154335497094417
-1.41529259964067
-1.4151516737408723
-1.4150107720313256
-1.4148698945333027
-1.414729041268072
-1.4145882122568971
-1.4144474075210376
-1.4143066270817481
-1.4141658709602793
-1.414025139177877
-1.4138844317557826
-1.4137437487152327
-1.4136030900774599
-1.4134624558636917
-1.4133218460951515
-1.413181260793058
-1.4130406999786254
-1.4129001636730631
-1.4127596518975765
-1.412619164673366
-1.4124787020216272
-1.4123382639635518
-1.4121978505203263
-1.412057461713133
-1.4119170975631496
-1.411776758091549
-1.4116364433194994
-1.4114961532681647
-1.411355887958704
-1.411215647412272
-1.411075431650018
-1.4109352406930877
-1.4107950745626214
-1.4106549332797553
-1.4105148168656205
-1.4103747253413437
-1.4102346587280468
-1.410094617046847
-1.4099546003188566
-1.409814608565184
-1.409674641806932
-1.409534700065199
-1.4093947833610792
-1.409254891715661
-1.4091150251500295
-1.4089751836852635
-1.4088353673424385
-1.4086955761426243
-1.4085558101068862
-1.4084160692562853
-1.408276353611877
-1.4081366631947123
-1.4079969980258378
-1.4078573581262948
-1.4077177435171202
-1.407578154219346
-1.4074385902539992
-1.4072990516421024
-1.4071595384046731
-1.4070200505627237
-1.4068805881372624
-1.4067411511492922
-1.4066017396198112
-1.4064623535698126
-1.4063229930202856
-1.4061836579922131
-1.4060443485065743
-1.4059050645843432
-1.4057658062464886
-1.405626573513975
-1.4054873664077614
-1.4053481849488023
-1.4052090291580472
-1.4050698990564405
-1.404930794664922
-1.4047917160044268
-1.4046526630958842
-1.4045136359602193
-1.4043746346183519
-1.404235659091197
-1.4040967093996648
-1.40395778556466
-1.4038188876070832
-1.403680015547829
-1.403541169407788
-1.403402349207845
-1.4032635549688803
-1.403124786711769
-1.4029860444573814
-1.4028473282265825
-1.4027086380402327
-1.4025699739191866
-1.4024313358842946
-1.4022927239564016
-1.4021541381563476
-1.4020155785049673
-1.4018770450230909
-1.4017385377315428
-1.401600056651143
-1.4014616018027062
-1.4013231732070415
-1.4011847708849536
-1.401046394857242
-1.4009080451447007
-1.400769721768119
-1.4006314247482807
-1.4004931541059649
-1.400354909861945
-1.4002166920369898
-1.4000785006518628
-1.3999403357273221
-1.3998021972841208
-1.3996640853430071
-1.3995259999247238
-1.3993879410500083
-1.399249908739593
-1.3991119030142056
-1.3989739238945678
-1.398835971401396
-1.3986980455554023
-1.398560146377293
-1.3984222738877692
-1.3982844281075266
-1.398146609057256
-1.398008816757643
-1.3978710512293677
-1.3977333124931046
-1.3975956005695238
-1.3974579154792894
-1.3973202572430607
-1.3971826258814912
-1.3970450214152297
-1.396907443864919
-1.396769893251197
-1.3966323695946965
-1.3964948729160447
-1.3963574032358634
-1.396219960574769
-1.396082544953373
-1.395945156392281
-1.3958077949120933
-1.3956704605334056
-1.3955331532768074
-1.3953958731628828
-1.3952586202122113
-1.395121394445366
-1.3949841958829154
-1.3948470245454223
-1.3947098804534437
-1.3945727636275318
-1.394435674088233
-1.3942986118560887
-1.3941615769516342
-1.3940245693953999
-1.3938875892079103
-1.3937506364096848
-1.3936137110212372
-1.393476813063076
-1.3933399425557038
-1.3932030995196183
-1.393066283975311
-1.392929495943268
-1.3927927354439706
-1.392656002497894
-1.392519297125508
-1.3923826193472768
-1.392245969183659
-1.392109346655108
-1.391972751782071
-1.3918361845849905
-1.3916996450843027
-1.3915631333004383
-1.3914266492538232
-1.3912901929648767
-1.391153764454013
-1.3910173637416408
-1.390880990848163
-1.3907446457939765
-1.3906083285994735
-1.3904720392850396
-1.3903357778710552
-1.3901995443778956
-1.3900633388259294
-1.38992716123552
-1.3897910116270253
-1.3896548900207975
-1.3895187964371827
-1.3893827308965216
-1.3892466934191499
-1.3891106840253962
-1.3889747027355843
-1.388838749570032
-1.3887028245490516
-1.3885669276929495
-1.3884310590220263
-1.388295218556577
-1.3881594063168907
-1.388023622323251
-1.3878878665959353
-1.3877521391552157
-1.387616440021358
-1.3874807692146227
-1.3873451267552643
-1.3872095126635315
-1.387073926959667
-1.386938369663908
-1.3868028407964854
-1.386667340377625
-1.3865318684275463
-1.3863964249664629
-1.3862610100145827
-1.3861256235921076
-1.3859902657192336
-1.385854936416151
-1.3857196357030444
-1.385584363600092
-1.3854491201274663
-1.385313905305334
-1.385178719153856
-1.3850435616931869
-1.3849084329434755
-1.384773332924865
-1.3846382616574924
-1.3845032191614883
-1.3843682054569781
-1.3842332205640808
-1.3840982645029096
-1.3839633372935716
-1.3838284389561677
-1.3836935695107935
-1.383558728977538
-1.3834239173764844
-1.3832891347277096
-1.3831543810512847
-1.3830196563672752
-1.3828849606957396
-1.382750294056731
-1.3826156564702965
-1.3824810479564769
-1.3823464685353068
-1.382211918226815
-1.3820773970510245
-1.3819429050279513
-1.3818084421776058
-1.3816740085199926
-1.3815396040751096
-1.381405228862949
-1.381270882903497
-1.381136566216733
-1.3810022788226308
-1.380868020741158
-1.3807337919922757
-1.3805995925959391
-1.3804654225720974
-1.3803312819406932
-1.3801971707216631
-1.3800630889349377
-1.379929036600441
-1.3797950137380912
-1.3796610203678
-1.3795270565094724
-1.3793931221830085
-1.379259217408301
-1.3791253422052365
-1.3789914965936956
-1.3788576805935528
-1.378723894224676
-1.3785901375069267
-1.3784564104601607
-1.3783227131042266
-1.3781890454589676
-1.37805540754422
-1.377921799379814
-1.3777882209855736
-1.3776546723813161
-1.3775211535868526
-1.377387664621988
-1.377254205506521
-1.377120776260243
-1.3769873769029404
-1.376854007454392
-1.376720667934371
-1.376587358362644
-1.3764540787589707
-1.3763208291431053
-1.3761876095347947
-1.37605441995378
-1.3759212604197955
-1.375788130952569
-1.3756550315718223
-1.3755219622972703
-1.3753889231486214
-1.3752559141455778
-1.3751229353078351
-1.3749899866550825
-1.3748570682070027
-1.3747241799832717
-1.3745913220035588
-1.3744584942875275
-1.3743256968548343
-1.374192929725129
-1.374060192918055
-1.3739274864532491
-1.3737948103503421
-1.3736621646289575
-1.3735295493087123
-1.3733969644092172
-1.3732644099500761
-1.3731318859508865
-1.3729993924312394
-1.3728669294107185
-1.3727344969089017
-1.3726020949453595
-1.3724697235396563
-1.3723373827113499
-1.372205072479991
-1.372072792865124
-1.3719405438862866
-1.3718083255630096
-1.3716761379148172
-1.3715439809612269
-1.3714118547217495
-1.3712797592158892
-1.3711476944631433
-1.3710156604830026
-1.3708836572949508
-1.3707516849184649
-1.3706197433730158
-1.370487832678067
-1.370355952853075
-1.3702241039174903
-1.370092285890756
-1.3699604987923089
-1.3698287426415783
-1.3696970174579874
-1.369565323260952
-1.3694336600698813
-1.369302027904178
-1.3691704267832379
-1.369038856726449
-1.3689073177531939
-1.368775809882847
-1.3686443331347768
-1.3685128875283445
-1.3683814730829043
-1.3682500898178034
-1.3681187377523827
-1.3679874169059756
-1.367856127297909
-1.3677248689475026
-1.3675936418740688
-1.367462446096914
-1.3673312816353371
-1.3672001485086296
-1.3670690467360767
-1.3669379763369565
-1.3668069373305396
-1.3666759297360904
-1.3665449535728658
-1.3664140088601155
-1.3662830956170828
-1.3661522138630033
-1.3660213636171061
-1.365890544898613
-1.3657597577267384
-1.3656290021206905
-1.3654982780996696
-1.3653675856828693
-1.3652369248894762
-1.3651062957386697
-1.364975698249622
-1.364845132441498
-1.3647145983334559
-1.3645840959446465
-1.3644536252942137
-1.364323186401294
-1.3641927792850166
-1.3640624039645042
-1.3639320604588716
-1.363801748787227
-1.3636714689686709
-1.3635412210222966
-1.3634110049671908
-1.3632808208224325
-1.3631506686070936
-1.3630205483402387
-1.3628904600409253
-1.3627604037282035
-1.3626303794211163
-1.3625003871386991
-1.3623704268999806
-1.3622404987239816
-1.3621106026297158
-1.3619807386361902
-1.3618509067624034
-1.3617211070273478
-1.3615913394500077
-1.3614616040493601
-1.3613319008443752
-1.3612022298540154
-1.361072591097236
-1.3609429845929846
-1.3608134103602016
-1.3606838684178204
-1.3605543587847664
-1.3604248814799575
-1.360295436522305
-1.3601660239307123
-1.3600366437240752
-1.3599072959212821
-1.3597779805412145
-1.3596486976027455
-1.3595194471247418
-1.3593902291260622
-1.3592610436255577
-1.3591318906420722
-1.3590027701944416
-1.358873682301495
-1.3587446269820536
-1.358615604254931
-1.3584866141389336
-1.35835765665286
-1.358228731815501
-1.3580998396456407
-1.3579709801620548
-1.3578421533835117
-1.3577133593287722
-1.3575845980165897
-1.3574558694657097
-1.3573271736948704
-1.3571985107228022
-1.3570698805682277
-1.3569412832498622
-1.3568127187864132
-1.3566841871965807
-1.3565556884990568
-1.356427222712526
-1.356298789855665
-1.3561703899471436
-1.3560420230056227
-1.3559136890497563
-1.3557853880981903
-1.355657120169563
-1.3555288852825056
-1.3554006834556402
-1.3552725147075826
-1.3551443790569397
-1.3550162765223113
-1.3548882071222892
-1.3547601708754575
-1.3546321678003925
-1.3545041979156625
-1.3543762612398282
-1.3542483577914426
-1.3541204875890505
-1.353992650651189
-1.3538648469963879
-1.3537370766431682
-1.3536093396100437
-1.35348163591552
-1.3533539655780953
-1.3532263286162594
-1.353098725048494
-1.3529711548932737
-1.3528436181690648
-1.3527161148943254
-1.352588645087506
-1.352461208767049
-1.3523338059513887
-1.352206436658952
-1.3520791009081572
-1.3519517987174152
-1.3518245301051284
-1.3516972950896913
-1.3515700936894905
-1.3514429259229048
-1.3513157918083047
-1.3511886913640527
-1.3510616246085034
-1.350934591560003
-1.35080759223689
-1.350680626657495
-1.35055369484014
-1.3504267968031392
-1.3502999325647984
-1.350173102143416
-1.3500463055572816
-1.3499195428246766
-1.3497928139638753
-1.3496661189931425
-1.3495394579307358
-1.3494128307949045
-1.3492862376038892
-1.349159678375923
-1.3490331531292303
-1.3489066618820278
-1.3487802046525232
-1.348653781458917
-1.3485273923194008
-1.348401037252158
-1.348274716275364
-1.3481484294071862
-1.348022176665783
-1.3478959580693048
-1.3477697736358942
-1.3476436233836853
-1.3475175073308032
-1.3473914254953656
-1.3472653778954815
-1.3471393645492518
-1.3470133854747688
-1.3468874406901163
-1.3467615302133704
-1.3466356540625983
-1.346509812255859
-1.346384004811203
-1.3462582317466725
-1.3461324930803014
-1.3460067888301148
-1.3458811190141302
-1.345755483650356
-1.345629882756792
-1.3455043163514304
-1.345378784452254
-1.345253287077238
-1.3451278242443485
-1.3450023959715431
-1.3448770022767713
-1.344751643177974
-1.3446263186930834
-1.3445010288400234
-1.3443757736367095
-1.3442505531010482
-1.3441253672509377
-1.3440002161042677
-1.343875099678919
-1.3437500179927648
-1.3436249710636685
-1.3434999589094856
-1.3433749815480627
-1.3432500389972377
-1.3431251312748405
-1.343000258398692
-1.3428754203866042
-1.3427506172563808
-1.3426258490258167
-1.3425011157126983
-1.342376417334803
-1.3422517539098997
-1.3421271254557487
-1.3420025319901014
-1.3418779735307005
-1.3417534500952801
-1.3416289617015655
-1.3415045083672734
-1.3413800901101116
-1.341255706947779
-1.341131358897966
-1.3410070459783543
-1.3408827682066164
-1.3407585256004162
-1.3406343181774087
-1.3405101459552407
-1.340386008951549
-1.3402619071839625
-1.340137840670101
-1.3400138094275755
-1.3398898134739878
-1.3397658528269312
-1.3396419275039901
-1.3395180375227398
-1.3393941829007465
-1.3392703636555683
-1.3391465798047533
-1.3390228313658414
-1.3388991183563637
-1.3387754407938417
-1.3386517986957882
-1.3385281920797072
-1.3384046209630933
-1.3382810853634328
-1.3381575852982024
-1.33803412078487
-1.3379106918408945
-1.3377872984837256
-1.3376639407308044
-1.3375406185995624
-1.3374173321074223
-1.3372940812717977
-1.3371708661100932
-1.3370476866397043
-1.3369245428780172
-1.3368014348424093
-1.3366783625502485
-1.336555326018894
-1.3364323252656956
-1.3363093603079939
-1.3361864311631204
-1.3360635378483976
-1.335940680381139
-1.335817858778648
-1.3356950730582198
-1.33557232323714
-1.3354496093326849
-1.3353269313621217
-1.3352042893427085
-1.3350816832916939
-1.3349591132263172
-1.3348365791638086
-1.3347140811213891
-1.3345916191162703
-1.3344691931656545
-1.3343468032867347
-1.3342244494966946
-1.3341021318127086
-1.333979850251942
-1.3338576048315498
-1.333735395568679
-1.3336132224804664
-1.3334910855840396
-1.333368984896517
-1.3332469204350068
-1.333124892216609
-1.3330029002584136
-1.332880944577501
-1.3327590251909425
-1.3326371421157996
-1.3325152953691248
-1.3323934849679608
-1.332271710929341
-1.332149973270289
-1.3320282720078196
-1.3319066071589372
-1.3317849787406373
-1.331663386769906
-1.331541831263719
-1.3314203122390436
-1.3312988297128368
-1.331177383702046
-1.3310559742236094
-1.3309346012944556
-1.3308132649315034
-1.330691965151662
-1.3305707019718311
-1.330449475408901
-1.3303282854797516
-1.3302071322012539
-1.3300860155902692
-1.3299649356636487
-1.3298438924382343
-1.329722885930858
-1.3296019161583423
-1.3294809831374998
-1.3293600868851334
-1.3292392274180365
-1.3291184047529925
-1.3289976189067751
-1.3288768698961486
-1.3287561577378673
-1.3286354824486755
-1.3285148440453078
-1.3283942425444895
-1.3282736779629352
-1.3281531503173503
-1.3280326596244303
-1.327912205900861
-1.327791789163318
-1.3276714094284674
-1.327551066712965
-1.3274307610334573
-1.3273104924065802
-1.3271902608489605
-1.3270700663772144
-1.3269499090079484
-1.3268297887577594
-1.326709705643234
-1.326589659680949
-1.3264696508874714
-1.3263496792793577
-1.3262297448731548
-1.3261098476853996
-1.325989987732619
-1.3258701650313296
-1.3257503795980388
-1.325630631449243
-1.3255109206014288
-1.3253912470710731
-1.325271610874643
-1.3251520120285947
-1.3250324505493745
-1.324912926453419
-1.3247934397571546
-1.324673990476997
-1.324554578629353
-1.3244352042306182
-1.3243158672971784
-1.324196567845409
-1.3240773058916757
-1.323958081452334
-1.3238388945437285
-1.3237197451821947
-1.3236006333840569
-1.3234815591656297
-1.3233625225432173
-1.323243523533114
-1.323124562151603
-1.3230056384149584
-1.3228867523394432
-1.3227679039413105
-1.322649093236803
-1.3225303202421528
-1.3224115849735822
-1.322292887447303
-1.3221742276795165
-1.3220556056864137
-1.3219370214841755
-1.321818475088972
-1.3216999665169638
-1.3215814957842997
-1.3214630629071196
-1.3213446679015517
-1.3212263107837148
-1.3211079915697166
-1.320989710275655
-1.3208714669176167
-1.3207532615116786
-1.3206350940739067
-1.3205169646203567
-1.3203988731670737
-1.3202808197300924
-1.320162804325437
-1.3200448269691212
-1.319926887677148
-1.3198089864655098
-1.3196911233501893
-1.3195732983471575
-1.3194555114723752
-1.3193377627417928
-1.31922005217135
-1.3191023797769759
-1.318984745574589
-1.318867149580097
-1.3187495918093972
-1.3186320722783764
-1.3185145910029101
-1.3183971479988639
-1.318279743282092
-1.3181623768684385
-1.3180450487737367
-1.3179277590138088
-1.3178105076044666
-1.317693294561511
-1.3175761199007323
-1.31745898363791
-1.3173418857888128
-1.3172248263691986
-1.3171078053948146
-1.3169908228813973
-1.316873878844672
-1.3167569733003537
-1.316640106264146
-1.3165232777517422
-1.3164064877788244
-1.3162897363610637
-1.316173023514121
-1.3160563492536455
-1.315939713595276
-1.3158231165546403
-1.3157065581473553
-1.3155900383890269
-1.31547355729525
-1.315357114881609
-1.3152407111636766
-1.3151243461570148
-1.315008019877175
-1.3148917323396974
-1.3147754835601109
-1.3146592735539335
-1.3145431023366727
-1.3144269699238242
-1.3143108763308733
-1.3141948215732937
-1.3140788056665482
-1.3139628286260887
-1.313846890467356
-1.3137309912057797
-1.3136151308567783
-1.313499309435759
-1.3133835269581182
-1.3132677834392408
-1.3131520788945008
-1.313036413339261
-1.3129207867888728
-1.3128051992586767
-1.3126896507640018
-1.3125741413201664
-1.312458670942477
-1.3123432396462293
-1.3122278474467073
-1.3121124943591842
-1.3119971803989217
-1.3118819055811703
-1.3117666699211692
-1.3116514734341462
-1.311536316135318
-1.3114211980398898
-1.3113061191630555
-1.3111910795199975
-1.3110760791258873
-1.3109611179958847
-1.310846196145138
-1.3107313135887848
-1.3106164703419503
-1.3105016664197489
-1.3103869018372833
-1.3102721766096452
-1.3101574907519145
-1.3100428442791596
-1.3099282372064378
-1.3098136695487945
-1.309699141321264
-1.3095846525388688
-1.30947020321662
-1.3093557933695172
-1.3092414230125486
-1.3091270921606903
-1.3090128008289075
-1.3088985490321534
-1.3087843367853702
-1.3086701641034877
-1.3085560310014246
-1.3084419374940879
-1.308327883596373
-1.3082138693231637
-1.308099894689332
-1.3079859597097387
-1.3078720643992323
-1.3077582087726498
-1.3076443928448167
-1.307530616630547
-1.3074168801446422
-1.3073031834018929
-1.3071895264170776
-1.307075909204963
-1.3069623317803045
-1.306848794157845
-1.306735296352316
-1.3066218383784376
-1.3065084202509172
-1.3063950419844512
-1.3062817035937238
-1.3061684050934075
-1.306055146498163
-1.3059419278226387
-1.305828749081472
-1.3057156102892873
-1.3056025114606982
-1.3054894526103056
-1.3053764337526987
-1.305263454902455
-1.3051505160741401
-1.3050376172823073
-1.304924758541498
-1.3048119398662417
-1.3046991612710561
-1.304586422770447
-1.3044737243789075
-1.3043610661109193
-1.3042484479809517
-1.3041358700034626
-1.3040233321928973
-1.3039108345636892
-1.3037983771302595
-1.3036859599070174
-1.30357358290836
-1.3034612461486723
-1.3033489496423272
-1.3032366934036854
-1.3031244774470956
-1.3030123017868942
-1.3029001664374056
-1.3027880714129418
-1.3026760167278029
-1.3025640023962763
-1.3024520284326377
-1.3023400948511505
-1.3022282016660656
-1.3021163488916219
-1.3020045365420458
-1.301892764631552
-1.301781033174342
-1.301669342184606
-1.301557691676521
-1.3014460816642524
-1.3013345121619528
-1.301222983183763
-1.3011114947438105
-1.3010000468562117
-1.3008886395350696
-1.3007772727944753
-1.300665946648507
-1.3005546611112313
-1.300443416196702
-1.3003322119189604
-1.3002210482920353
-1.3001099253299429
-1.2999988430466876
-1.2998878014562607
-1.2997768005726411
-1.2996658404097956
-1.2995549209816781
-1.29944404230223
-1.2993332043853802
-1.2992224072450453
-1.2991116508951293
-1.2990009353495229
-1.298890260622105
-1.2987796267267422
-1.2986690336772875
-1.298558481487582
-1.298447970171454
-1.2983374997427188
-1.2982270702151797
-1.298116681602627
-1.2980063339188381
-1.2978960271775783
-1.2977857613925996
-1.2976755365776418
-1.2975653527464315
-1.2974552099126828
-1.297345108090097
-1.297235047292363
-1.2971250275331565
-1.2970150488261405
-1.2969051111849652
-1.2967952146232682
-1.296685359154674
-1.2965755447927947
-1.2964657715512289
-1.2963560394435631
-1.2962463484833706
-1.2961366986842116
-1.2960270900596336
-1.2959175226231712
-1.2958079963883462
-1.2956985113686674
-1.2955890675776307
-1.295479665028719
-1.2953703037354023
-1.2952609837111375
-1.2951517049693688
-1.2950424675235273
-1.2949332713870307
-1.2948241165732843
-1.29471500309568
-1.2946059309675966
-1.2944969002024
-1.2943879108134433
-1.294278962814066
-1.2941700562175953
-1.2940611910373443
-1.2939523672866136
-1.2938435849786907
-1.2937348441268497
-1.2936261447443516
-1.2935174868444446
-1.293408870440363
-1.293300295545329
-1.2931917621725506
-1.2930832703352229
-1.292974820046528
-1.292866411319635
-1.2927580441676991
-1.2926497186038626
-1.292541434641254
-1.2924331922929897
-1.2923249915721717
-1.2922168324918895
-1.2921087150652186
-1.292000639305222
-1.2918926052249482
-1.2917846128374333
-1.2916766621556999
-1.2915687531927569
-1.2914608859616001
-1.291353060475212
-1.291245276746561
-1.291137534788603
-1.29102983461428
-1.2909221762365204
-1.2908145596682397
-1.2907069849223394
-1.2905994520117077
-1.2904919609492191
-1.2903845117477353
-1.2902771044201038
-1.2901697389791587
-1.290062415437721
-1.2899551338085973
-1.2898478941045814
-1.2897406963384532
-1.289633540522979
-1.2895264266709119
-1.2894193547949908
-1.2893123249079412
-1.2892053370224752
-1.289098391151291
-1.2889914873070731
-1.2888846255024924
-1.2887778057502064
-1.2886710280628584
-1.2885642924530782
-1.288457598933482
-1.2883509475166726
-1.2882443382152382
-1.2881377710417539
-1.2880312460087806
-1.287924763128866
-1.2878183224145434
-1.2877119238783326
-1.2876055675327396
-1.2874992533902567
-1.2873929814633618
-1.2872867517645195
-1.2871805643061802
-1.287074419100781
-1.2869683161607446
-1.2868622554984794
-1.286756237126381
-1.28665026105683
-1.286544327302194
-1.2864384358748258
-1.2863325867870645
-1.2862267800512355
-1.28612101567965
-1.2860152936846054
-1.2859096140783848
-1.2858039768732574
-1.2856983820814787
-1.2855928297152897
-1.2854873197869172
-1.2853818523085743
-1.2852764272924602
-1.2851710447507594
-1.2850657046956429
-1.284960407139267
-1.2848551520937743
-1.2847499395712934
-1.284644769583938
-1.2845396421438084
-1.2844345572629905
-1.2843295149535556
-1.2842245152275613
-1.2841195580970508
-1.2840146435740531
-1.283909771670583
-1.2838049423986408
-1.2837001557702128
-1.283595411797271
-1.283490710491773
-1.2833860518656621
-1.2832814359308673
-1.2831768626993032
-1.2830723321828703
-1.2829678443934547
-1.2828633993429277
-1.2827589970431468
-1.2826546375059547
-1.2825503207431799
-1.2824460467666365
-1.2823418155881243
-1.2822376272194282
-1.282133481672319
-1.2820293789585535
-1.281925319089873
-1.2818213020780047
-1.2817173279346616
-1.281613396671542
-1.2815095083003294
-1.281405662832693
-1.2813018602802881
-1.2811981006547544
-1.2810943839677171
-1.2809907102307878
-1.2808870794555625
-1.2807834916536232
-1.2806799468365366
-1.2805764450158557
-1.280472986203118
-1.2803695704098466
-1.2802661976475502
-1.2801628679277226
-1.280059581261843
-1.2799563376613754
-1.2798531371377697
-1.279749979702461
-1.2796468653668693
-1.2795437941424004
-1.2794407660404445
-1.2793377810723778
-1.2792348392495614
-1.2791319405833415
-1.2790290850850494
-1.2789262727660018
-1.2788235036375004
-1.2787207777108323
-1.2786180949972694
-1.2785154555080689
-1.278412859254473
-1.2783103062477092
-1.2782077964989897
-1.2781053300195122
-1.278002906820459
-1.277900526912998
-1.2777981903082816
-1.2776958970174475
-1.277593647051618
-1.277491440421901
-1.2773892771393893
-1.27728715721516
-1.277185080660276
-1.2770830474857848
-1.2769810577027185
-1.2768791113220945
-1.2767772083549151
-1.2766753488121672
-1.276573532704823
-1.2764717600438393
-1.2763700308401575
-1.2762683451047048
-1.2761667028483918
-1.2760651040821152
-1.2759635488167556
-1.275862037063179
-1.275760568832236
-1.2756591441347618
-1.2755577629815764
-1.2754564253834848
-1.2753551313512765
-1.2752538808957257
-1.2751526740275914
-1.2750515107576172
-1.2749503910965316
-1.2748493150550473
-1.274748282643862
-1.2746472938736582
-1.2745463487551025
-1.2744454472988467
-1.2743445895155268
-1.2742437754157634
-1.2741430050101619
-1.2740422783093122
-1.2739415953237887
-1.2738409560641506
-1.273740360540941
-1.2736398087646879
-1.273539300745904
-1.2734388364950862
-1.273338416022716
-1.2732380393392593
-1.2731377064551663
-1.2730374173808723
-1.272937172126796
-1.2728369707033411
-1.272736813120896
-1.272636699389833
-1.272536629520509
-1.272436603523265
-1.2723366214084266
-1.2722366831863037
-1.2721367888671906
-1.2720369384613657
-1.2719371319790918
-1.271837369430616
-1.2717376508261695
-1.2716379761759682
-1.2715383454902118
-1.2714387587790845
-1.271339216052755
-1.2712397173213752
-1.2711402625950823
-1.271040851883997
-1.2709414851982248
-1.2708421625478545
-1.27074288394296
-1.2706436493935982
-1.2705444589098114
-1.270445312501625
-1.2703462101790493
-1.270247151952078
-1.270148137830689
-1.2700491678248447
-1.269950241944491
-1.2698513601995585
-1.269752522599961
-1.269653729155597
-1.2695549798763484
-1.2694562747720817
-1.2693576138526468
-1.269258997127878
-1.2691604246075934
-1.2690618963015947
-1.2689634122196682
-1.2688649723715837
-1.2687665767670948
-1.2686682254159394
-1.2685699183278385
-1.2684716555124977
-1.268373436979606
-1.2682752627388365
-1.2681771327998461
-1.2680790471722756
-1.267981005865749
-1.267883008889875
-1.267785056254245
-1.267687147968435
-1.2675892840420047
-1.267491464484497
-1.267393689305439
-1.267295958514341
-1.2671982721206978
-1.267100630133987
-1.2670030325636705
-1.2669054794191934
-1.2668079707099849
-1.2667105064454574
-1.266613086635007
-1.2665157112880137
-1.2664183804138405
-1.2663210940218346
-1.2662238521213267
-1.2661266547216308
-1.2660295018320442
-1.2659323934618485
-1.265835329620308
-1.2657383103166708
-1.2656413355601688
-1.265544405360017
-1.2654475197254142
-1.2653506786655422
-1.2652538821895662
-1.2651571303066356
-1.265060423025882
-1.2649637603564214
-1.2648671423073532
-1.2647705688877595
-1.2646740401067063
-1.2645775559732424
-1.2644811164964005
-1.2643847216851967
-1.2642883715486295
-1.2641920660956818
-1.264095805335319
-1.2639995892764904
-1.2639034179281277
-1.263807291299147
-1.2637112093984464
-1.2636151722349078
-1.2635191798173968
-1.2634232321547614
-1.2633273292558331
-1.2632314711294266
-1.2631356577843398
-1.2630398892293535
-1.2629441654732319
-1.262848486524722
-1.2627528523925544
-1.2626572630854422
-1.262561718612082
-1.2624662189811535
-1.262370764201319
-1.2622753542812242
-1.2621799892294976
-1.2620846690547511
-1.2619893937655795
-1.26189416337056
-1.2617989778782537
-1.261703837297204
-1.2616087416359374
-1.2615136909029634
-1.2614186851067744
-1.2613237242558455
-1.2612288083586352
-1.2611339374235846
-1.2610391114591175
-1.260944330473641
-1.2608495944755445
-1.2607549034732004
-1.2606602574749644
-1.2605656564891743
-1.2604711005241511
-1.2603765895881989
-1.2602821236896038
-1.260187702836635
-1.2600933270375447
-1.2599989963005678
-1.2599047106339214
-1.2598104700458057
-1.2597162745444037
-1.2596221241378809
-1.2595280188343854
-1.259433958642048
-1.259339943568982
-1.259245973623284
-1.2591520488130323
-1.2590581691462883
-1.2589643346310961
-1.2588705452754823
-1.2587768010874556
-1.2586831020750078
-1.258589448246113
-1.2584958396087282
-1.2584022761707923
-1.2583087579402268
-1.2582152849249364
-1.2581218571328072
-1.2580284745717087
-1.2579351372494925
-1.2578418451739923
-1.2577485983530248
-1.2576553967943886
-1.2575622405058653
-1.2574691294952183
-1.2573760637701936
-1.2572830433385194
-1.2571900682079065
-1.2570971383860479
-1.2570042538806192
-1.256911414699278
-1.256818620849664
-1.2567258723393995
-1.2566331691760892
-1.2565405113673198
-1.2564478989206602
-1.2563553318436618
-1.256262810143858
-1.2561703338287642
-1.2560779029058786
-1.2559855173826813
-1.2558931772666342
-1.2558008825651819
-1.2557086332857506
-1.2556164294357492
-1.2555242710225685
-1.255432158053581
-1.2553400905361416
-1.2552480684775877
-1.2551560918852382
-1.2550641607663942
-1.2549722751283388
-1.2548804349783371
-1.2547886403236366
-1.2546968911714664
-1.2546051875290376
-1.2545135294035434
-1.2544219168021589
-1.254330349732041
-1.2542388282003292
-1.254147352214144
-1.2540559217805882
-1.2539645369067467
-1.2538731975996862
-1.253781903866455
-1.2536906557140837
-1.253599453149584
-1.2535082961799504
-1.2534171848121585
-1.2533261190531662
-1.2532350989099124
-1.2531441243893189
-1.2530531954982886
-1.2529623122437061
-1.252871474632438
-1.2527806826713324
-1.252689936367219
-1.25259923572691
-1.2525085807571985
-1.2524179714648593
-1.2523274078566495
-1.2522368899393073
-1.2521464177195523
-1.2520559912040865
-1.251965610399593
-1.2518752753127367
-1.2517849859501637
-1.2516947423185023
-1.251604544424362
-1.2515143922743337
-1.2514242858749902
-1.2513342252328858
-1.251244210354556
-1.2511542412465178
-1.25106431791527
-1.2509744403672929
-1.250884608609048
-1.250794822646978
-1.250705082487508
-1.2506153881370434
-1.2505257396019716
-1.2504361368886614
-1.250346580003463
-1.2502570689527075
-1.250167603742708
-1.2500781843797586
-1.2499888108701347
-1.2498994832200934
-1.2498102014358723
-1.2497209655236912
-1.2496317754897506
-1.2495426313402327
-1.2494535330813006
-1.249364480719099
-1.249275474259753
-1.2491865137093698
-1.2490975990740376
-1.2490087303598258
-1.2489199075727848
-1.2488311307189461
-1.2487423998043228
-1.2486537148349084
-1.2485650758166784
-1.248476482755589
-1.248387935657577
-1.2482994345285614
-1.2482109793744414
-1.2481225702010974
-1.248034207014391
-1.247945889820165
-1.247857618624243
-1.2477693934324294
-1.24768121425051
-1.2475930810842515
-1.2475049939394016
-1.2474169528216887
-1.2473289577368223
-1.2472410086904928
-1.247153105688372
-1.2470652487361118
-1.2469774378393454
-1.2468896730036874
-1.246801954234732
-1.2467142815380554
-1.2466266549192144
-1.2465390743837463
-1.2464515399371694
-1.2463640515849828
-1.2462766093326665
-1.2461892131856813
-1.2461018631494687
-1.2460145592294507
-1.2459273014310304
-1.2458400897595916
-1.2457529242204985
-1.2456658048190965
-1.2455787315607112
-1.2454917044506495
-1.2454047234941983
-1.2453177886966251
-1.2452309000631792
-1.2451440575990889
-1.2450572613095643
-1.244970511199796
-1.2448838072749546
-1.2447971495401917
-1.2447105380006396
-1.2446239726614108
-1.2445374535275981
-1.2444509806042758
-1.2443645538964978
-1.244278173409299
-1.2441918391476943
-1.2441055511166796
-1.2440193093212313
-1.2439331137663057
-1.2438469644568397
-1.2437608613977513
-1.2436748045939383
-1.2435887940502788
-1.2435028297716315
-1.2434169117628358
-1.2433310400287108
-1.243245214574056
-1.2431594354036521
-1.2430737025222593
-1.2429880159346187
-1.2429023756454511
-1.242816781659458
-1.2427312339813208
-1.2426457326157017
-1.2425602775672426
-1.242474868840566
-1.2423895064402746
-1.242304190370951
-1.2422189206371588
-1.2421336972434407
-1.2420485201943203
-1.241963389494301
-1.2418783051478666
-1.241793267159481
-1.241708275533588
-1.241623330274612
-1.2415384313869569
-1.2414535788750072
-1.241368772743127
-1.241284012995661
-1.2411992996369337
-1.2411146326712492
-1.2410300121028925
-1.2409454379361278
-1.2408609101751997
-1.240776428824333
-1.2406919938877319
-1.240607605369581
-1.2405232632740446
-1.2404389676052672
-1.2403547183673729
-1.2402705155644658
-1.2401863592006301
-1.24010224927993
-1.2400181858064092
-1.2399341687840912
-1.23985019821698
-1.2397662741090587
-1.2396823964642905
-1.2395985652866182
-1.239514780579965
-1.2394310423482333
-1.2393473505953057
-1.2392637053250442
-1.2391801065412906
-1.239096554247867
-1.2390130484485744
-1.2389295891471939
-1.2388461763474863
-1.238762810053192
-1.2386794902680314
-1.2385962169957039
-1.238512990239889
-1.238429810004246
-1.2383466762924134
-1.2382635891080096
-1.2381805484546327
-1.2380975543358599
-1.2380146067552487
-1.2379317057163353
-1.237848851222636
-1.2377660432776467
-1.2376832818848427
-1.2376005670476786
-1.2375178987695885
-1.2374352770539865
-1.2373527019042656
-1.2372701733237985
-1.2371876913159376
-1.2371052558840143
-1.2370228670313397
-1.2369405247612042
-1.2368582290768775
-1.236775979981609
-1.236693777478627
-1.23661162157114
-1.2365295122623348
-1.2364474495553783
-1.2363654334534162
-1.2362834639595741
-1.2362015410769567
-1.2361196648086474
-1.2360378351577097
-1.2359560521271862
-1.235874315720098
-1.2357926259394465
-1.2357109827882118
-1.2356293862693533
-1.2355478363858092
-1.2354663331404978
-1.2353848765363158
-1.235303466576139
-1.2352221032628232
-1.2351407865992026
-1.2350595165880909
-1.2349782932322806
-1.2348971165345435
-1.2348159864976302
-1.2347349031242711
-1.234653866417175
-1.2345728763790298
-1.2344919330125028
-1.23441103632024
-1.234330186304867
-1.2342493829689876
-1.2341686263151852
-1.2340879163460217
-1.2340072530640382
-1.2339266364717552
-1.2338460665716713
-1.2337655433662646
-1.2336850668579922
-1.2336046370492897
-1.233524253942572
-1.2334439175402323
-1.2333636278446434
-1.2332833848581566
-1.2332031885831019
-1.2331230390217887
-1.2330429361765043
-1.2329628800495158
-1.2328828706430683
-1.2328029079593865
-1.2327229920006733
-1.2326431227691101
-1.232563300266858
-1.232483524496056
-1.232403795458822
-1.2323241131572529
-1.2322444775934243
-1.23216488876939
-1.2320853466871828
-1.2320058513488146
-1.2319264027562753
-1.2318470009115337
-1.2317676458165372
-1.2316883374732117
-1.2316090758834621
-1.2315298610491716
-1.231450692972202
-1.2313715716543938
-1.2312924970975658
-1.2312134693035157
-1.2311344882740194
-1.2310555540108314
-1.230976666515685
-1.2308978257902914
-1.230819031836341
-1.2307402846555024
-1.2306615842494228
-1.2305829306197273
-1.2305043237680198
-1.2304257636958829
-1.2303472504048771
-1.2302687838965418
-1.2301903641723946
-1.2301119912339311
-1.230033665082626
-1.229955385719932
-1.2298771531472799
-1.229798967366079
-1.229720828377717
-1.22964273618356
-1.2295646907849525
-1.2294866921832166
-1.2294087403796534
-1.2293308353755419
-1.2292529771721397
-1.2291751657706822
-1.2290974011723834
-1.2290196833784353
-1.228942012390008
-1.2288643882082502
-1.2287868108342883
-1.2287092802692272
-1.2286317965141498
-1.2285543595701172
-1.2284769694381688
-1.2283996261193215
-1.2283223296145713
-1.2282450799248916
-1.2281678770512339
-1.228090720994528
-1.228013611755682
-1.2279365493355812
-1.22785953373509
-1.2277825649550498
-1.2277056429962807
-1.227628767859581
-1.2275519395457262
-1.2274751580554701
-1.227398423389545
-1.2273217355486608
-1.2272450945335047
-1.227168500344743
-1.227091952983019
-1.2270154524489545
-1.2269389987431485
-1.2268625918661789
-1.2267862318186005
-1.2267099186009467
-1.2266336522137282
-1.226557432657434
-1.2264812599325305
-1.2264051340394624
-1.2263290549786516
-1.2262530227504982
-1.2261770373553802
-1.2261010987936534
-1.2260252070656508
-1.2259493621716835
-1.2258735641120404
-1.2257978128869882
-1.225722108496771
-1.2256464509416112
-1.225570840221708
-1.225495276337239
-1.2254197592883593
-1.2253442890752015
-1.2252688656978759
-1.2251934891564704
-1.225118159451051
-1.2250428765816603
-1.2249676405483199
-1.2248924513510275
-1.2248173089897594
-1.2247422134644692
-1.224667164775088
-1.2245921629215244
-1.2245172079036646
-1.2244422997213724
-1.2243674383744891
-1.224292623862833
-1.224217856186201
-1.2241431353443661
-1.22406846133708
-1.2239938341640708
-1.223919253825045
-1.2238447203196858
-1.2237702336476544
-1.2236957938085888
-1.223621400802105
-1.2235470546277958
-1.223472755285232
-1.2233985027739611
-1.2233242970935085
-1.2232501382433767
-1.2231760262230458
-1.2231019610319727
-1.2230279426695918
-1.2229539711353152
-1.2228800464285319
-1.2228061685486082
-1.2227323374948877
-1.2226585532666914
-1.2225848158633175
-1.222511125284041
-1.2224374815281147
-1.2223638845947682
-1.2222903344832088
-1.2222168311926203
-1.2221433747221642
-1.222069965070979
-1.2219966022381805
-1.2219232862228615
-1.2218500170240916
-1.2217767946409182
-1.2217036190723651
-1.221630490317434
-1.2215574083751028
-1.2214843732443272
-1.2214113849240396
-1.2213384434131493
-1.2212655487105433
-1.2211927008150851
-1.2211198997256154
-1.2210471454409517
-1.2209744379598888
-1.220901777281198
-1.2208291634036283
-1.220756596325905
-1.2206840760467308
-1.2206116025647853
-1.2205391758787247
-1.2204667959871824
-1.2203944628887688
-1.2203221765820709
-1.2202499370656528
-1.2201777443380555
-1.2201055983977966
-1.2200334992433712
-1.2199614468732503
-1.2198894412858827
-1.2198174824796932
-1.2197455704530842
-1.219673705204434
-1.2196018867320986
-1.2195301150344102
-1.219458390109678
-1.2193867119561879
-1.2193150805722026
-1.2192434959559615
-1.2191719581056806
-1.2191004670195529
-1.2190290226957483
-1.2189576251324128
-1.2188862743276692
-1.2188149702796172
-1.218743712986333
-1.2186725024458698
-1.218601338656257
-1.2185302216155012
-1.2184591513215848
-1.2183881277724677
-1.2183171509660857
-1.2182462209003517
-1.2181753375731548
-1.218104500982361
-1.2180337111258128
-1.2179629680013289
-1.2178922716067047
-1.2178216219397124
-1.2177510189981007
-1.2176804627795943
-1.217609953281895
-1.2175394905026806
-1.2174690744396062
-1.2173987050903021
-1.2173283824523762
-1.2172581065234123
-1.2171878773009706
-1.217117694782588
-1.2170475589657777
-1.2169774698480291
-1.2169074274268086
-1.2168374316995583
-1.2167674826636967
-1.2166975803166191
-1.2166277246556974
-1.2165579156782786
-1.2164881533816876
-1.2164184377632243
-1.216348768820166
-1.2162791465497655
-1.2162095709492524
-1.216140042015832
-1.2160705597466863
-1.2160011241389739
-1.2159317351898289
-1.215862392896362
-1.2157930972556605
-1.2157238482647874
-1.215654645920782
-1.2155854902206598
-1.2155163811614127
-1.2154473187400086
-1.2153783029533916
-1.215309333798482
-1.2152404112721764
-1.2151715353713473
-1.2151027060928432
-1.2150339234334893
-1.2149651873900864
-1.2148964979594117
-1.2148278551382181
-1.2147592589232352
-1.214690709311168
-1.214622206298698
-1.2145537498824825
-1.214485340059155
-1.2144169768253252
-1.2143486601775786
-1.2142803901124766
-1.2142121666265566
-1.2141439897163324
-1.2140758593782937
-1.2140077756089058
-1.2139397384046102
-1.2138717477618242
-1.2138038036769412
-1.2137359061463309
-1.2136680551663381
-1.2136002507332844
-1.2135324928434663
-1.2134647814931572
-1.2133971166786055
-1.2133294983960363
-1.2132619266416502
-1.2131944014116236
-1.2131269227021086
-1.2130594905092336
-1.2129921048291026
-1.212924765657795
-1.212857472991367
-1.2127902268258497
-1.2127230271572502
-1.2126558739815516
-1.2125887672947129
-1.2125217070926682
-1.212454693371328
-1.2123877261265783
-1.2123208053542809
-1.2122539310502731
-1.2121871032103682
-1.2121203218303551
-1.2120535869059987
-1.2119868984330389
-1.2119202564071916
-1.2118536608241486
-1.2117871116795773
-1.2117206089691206
-1.2116541526883973
-1.2115877428330013
-1.2115213793985025
-1.2114550623804463
-1.211388791774354
-1.2113225675757222
-1.211256389780023
-1.2111902583827046
-1.2111241733791898
-1.211058134764878
-1.2109921425351435
-1.2109261966853366
-1.2108602972107827
-1.2107944441067828
-1.2107286373686135
-1.2106628769915269
-1.2105971629707506
-1.2105314953014878
-1.2104658739789174
-1.210400298998193
-1.2103347703544443
-1.210269288042776
-1.2102038520582685
-1.2101384623959779
-1.2100731190509353
-1.2100078220181472
-1.2099425712925955
-1.2098773668692382
-1.2098122087430077
-1.2097470969088124
-1.209682031361536
-1.209617012096037
-1.2095520391071501
-1.209487112389685
-1.2094222319384267
-1.209357397748135
-1.2092926098135461
-1.2092278681293707
-1.2091631726902947
-1.20909852349098
-1.209033920526063
-1.208969363790156
-1.2089048532778464
-1.2088403889836967
-1.2087759709022448
-1.2087115990280037
-1.2086472733554616
-1.2085829938790824
-1.2085187605933043
-1.2084545734925416
-1.2083904325711832
-1.2083263378235936
-1.2082622892441122
-1.2081982868270535
-1.2081343305667076
-1.2080704204573394
-1.2080065564931888
-1.2079427386684713
-1.207878966977377
-1.2078152414140717
-1.2077515619726957
-1.207687928647365
-1.2076243414321701
-1.207560800321177
-1.2074973053084268
-1.2074338563879354
-1.207370453553694
-1.2073070967996684
-1.2072437861198002
-1.2071805215080051
-1.2071173029581748
-1.2070541304641753
-1.206991004019848
-1.206927923619009
-1.2068648892554494
-1.206801900922936
-1.2067389586152097
-1.206676062325987
-1.2066132120489583
-1.2065504077777904
-1.206487649506124
-1.2064249372275755
-1.2063622709357353
-1.2062996506241697
-1.206237076286419
-1.206174547915999
-1.2061120655064004
-1.2060496290510883
-1.2059872385435033
-1.2059248939770606
-1.20586259534515
-1.2058003426411368
-1.2057381358583605
-1.2056759749901358
-1.205613860029752
-1.2055517909704732
-1.2054897678055387
-1.2054277905281623
-1.2053658591315326
-1.2053039736088134
-1.2052421339531425
-1.2051803401576333
-1.2051185922153735
-1.2050568901194258
-1.2049952338628274
-1.2049336234385903
-1.2048720588397015
-1.2048105400591225
-1.2047490670897893
-1.2046876399246131
-1.2046262585564798
-1.2045649229782494
-1.2045036331827572
-1.2044423891628129
-1.2043811909112008
-1.20432003842068
-1.2042589316839847
-1.2041978706938232
-1.2041368554428784
-1.204075885923808
-1.2040149621292449
-1.2039540840517955
-1.2038932516840417
-1.2038324650185397
-1.20377172404782
-1.2037110287643886
-1.2036503791607254
-1.2035897752292846
-1.2035292169624956
-1.203468704352762
-1.2034082373924626
-1.2033478160739497
-1.2032874403895508
-1.2032271103315682
-1.2031668258922779
-1.203106587063931
-1.2030463938387532
-1.2029862462089445
-1.2029261441666794
-1.2028660877041066
-1.2028060768133502
-1.2027461114865077
-1.202686191715652
-1.2026263174928296
-1.202566488810062
-1.2025067056593453
-1.2024469680326495
-1.2023872759219196
-1.2023276293190748
-1.2022680282160085
-1.202208472604589
-1.2021489624766584
-1.2020894978240335
-1.2020300786385056
-1.2019707049118404
-1.2019113766357779
-1.2018520938020325
-1.2017928564022928
-1.2017336644282224
-1.2016745178714583
-1.2016154167236124
-1.2015563609762712
-1.2014973506209947
-1.201438385649318
-1.2013794660527504
-1.2013205918227752
-1.2012617629508504
-1.2012029794284078
-1.2011442412468543
-1.2010855483975702
-1.2010269008719106
-1.2009682986612045
-1.2009097417567558
-1.2008512301498422
-1.2007927638317157
-1.2007343427936026
-1.2006759670267035
-1.2006176365221932
-1.2005593512712207
-1.2005011112649093
-1.2004429164943564
-1.2003847669506338
-1.2003266626247873
-1.200268603507837
-1.200210589590777
-1.2001526208645763
-1.2000946973201772
-1.2000368189484967
-1.1999789857404257
-1.1999211976868296
-1.1998634547785476
-1.1998057570063934
-1.1997481043611542
-1.1996904968335922
-1.199632934414443
-1.1995754170944168
-1.199517944864198
-1.1994605177144446
-1.199403135635789
-1.1993457986188378
-1.1992885066541716
-1.1992312597323451
-1.199174057843887
-1.1991169009793001
-1.1990597891290615
-1.1990027222836221
-1.198945700433407
-1.1988887235688153
-1.1988317916802202
-1.1987749047579692
-1.1987180627923832
-1.1986612657737576
-1.1986045136923618
-1.198547806538439
-1.1984911443022066
-1.198434526973856
-1.198377954543553
-1.1983214270014362
-1.1982649443376197
-1.1982085065421904
-1.1981521136052098
-1.1980957655167133
-1.19803946226671
-1.1979832038451836
-1.197926990242091
-1.1978708214473635
-1.197814697450906
-1.197758618242598
-1.1977025838122926
-1.1976465941498162
-1.1975906492449702
-1.197534749087529
-1.1974788936672416
-1.1974230829738308
-1.197367316996993
-1.1973115957263987
-1.197255919151692
-1.1972002872624916
-1.1971447000483895
-1.1970891574989517
-1.197033659603718
-1.1969782063522025
-1.1969227977338925
-1.1968674337382497
-1.1968121143547092
-1.1967568395726804
-1.1967016093815466
-1.1966464237706642
-1.1965912827293645
-1.196536186246952
-1.1964811343127049
-1.1964261269158754
-1.1963711640456896
-1.1963162456913472
-1.1962613718420223
-1.1962065424868622
-1.196151757614988
-1.196097017215495
-1.196042321277452
-1.1959876697899017
-1.1959330627418603
-1.195878500122318
-1.195823981920239
-1.195769508124561
-1.1957150787241952
-1.1956606937080272
-1.195606353064916
-1.1955520567836941
-1.1954978048531684
-1.1954435972621187
-1.1953894339992992
-1.1953353150534376
-1.1952812404132351
-1.195227210067367
-1.1951732240044826
-1.1951192822132037
-1.195065384682127
-1.1950115313998224
-1.1949577223548338
-1.1949039575356784
-1.1948502369308471
-1.194796560528805
-1.19474292831799
-1.1946893402868148
-1.1946357964236651
-1.1945822967169002
-1.1945288411548534
-1.1944754297258313
-1.1944220624181143
-1.1943687392199567
-1.1943154601195862
-1.1942622251052042
-1.1942090341649856
-1.1941558872870792
-1.1941027844596073
-1.194049725670666
-1.1939967109083245
-1.1939437401606265
-1.1938908134155886
-1.1938379306612008
-1.1937850918854278
-1.1937322970762068
-1.1936795462214491
-1.1936268393090397
-1.1935741763268368
-1.1935215572626725
-1.1934689821043527
-1.1934164508396563
-1.1933639634563362
-1.1933115199421187
-1.1932591202847036
-1.1932067644717645
-1.1931544524909488
-1.1931021843298766
-1.1930499599761426
-1.1929977794173143
-1.192945642640933
-1.1928935496345137
-1.1928415003855446
-1.1927894948814879
-1.1927375331097787
-1.1926856150578264
-1.1926337407130134
-1.1925819100626958
-1.1925301230942031
-1.1924783797948386
-1.1924266801518788
-1.192375024152574
-1.1923234117841477
-1.1922718430337973
-1.1922203178886934
-1.1921688363359804
-1.1921173983627755
-1.1920660039561704
-1.1920146531032296
-1.1919633457909915
-1.1919120820064675
-1.1918608617366429
-1.1918096849684763
-1.1917585516888998
-1.1917074618848191
-1.1916564155431135
-1.1916054126506355
-1.1915544531942108
-1.1915035371606393
-1.1914526645366934
-1.19140183530912
-1.1913510494646389
-1.1913003069899433
-1.1912496078717
-1.1911989520965494
-1.1911483396511051
-1.1910977705219543
-1.1910472446956575
-1.1909967621587487
-1.1909463228977355
-1.1908959268990988
-1.1908455741492927
-1.190795264634745
-1.190744998341857
-1.1906947752570032
-1.1906445953665319
-1.1905944586567643
-1.1905443651139953
-1.190494314724493
-1.1904443074744995
-1.1903943433502298
-1.190344422337872
-1.1902945444235888
-1.1902447095935151
-1.1901949178337599
-1.190145169130405
-1.190095463469506
-1.190045800837092
-1.189996181219165
-1.1899466046017015
-1.18989707097065
-1.189847580311933
-1.1897981326114466
-1.18974872785506
-1.1896993660286161
-1.1896500471179308
-1.1896007711087935
-1.189551537986967
-1.1895023477381874
-1.1894532003481644
-1.1894040958025807
-1.189355034087093
-1.1893060151873307
-1.189257039088897
-1.1892081057773682
-1.1891592152382942
-1.1891103674571981
-1.1890615624195762
-1.1890128001108986
-1.1889640805166084
-1.1889154036221223
-1.18886676941283
-1.1888181778740952
-1.1887696289912542
-1.188721122749617
-1.1886726591344672
-1.1886242381310614
-1.1885758597246296
-1.188527523900375
-1.1884792306434746
-1.1884309799390782
-1.1883827717723094
-1.1883346061282651
-1.1882864829920152
-1.1882384023486032
-1.188190364183046
-1.1881423684803334
-1.1880944152254291
-1.18804650440327
-1.187998635998766
-1.1879508099968006
-1.1879030263822308
-1.1878552851398865
-1.187807586254571
-1.1877599297110613
-1.1877123154941076
-1.187664743588433
-1.1876172139787349
-1.1875697266496827
-1.1875222815859203
-1.1874748787720641
-1.1874275181927045
-1.1873801998324047
-1.1873329236757015
-1.187285689707105
-1.1872384979110984
-1.1871913482721383
-1.1871442407746549
-1.1870971754030515
-1.1870501521417047
-1.1870031709749647
-1.1869562318871545
-1.1869093348625708
-1.1868624798854837
-1.1868156669401362
-1.186768896010745
-1.1867221670814998
-1.186675480136564
-1.1866288351600742
-1.1865822321361401
-1.1865356710488448
-1.186489151882245
-1.18644267462037
-1.1863962392472234
-1.1863498457467814
-1.1863034941029937
-1.1862571842997838
-1.1862109163210477
-1.186164690150655
-1.1861185057724488
-1.1860723631702454
-1.1860262623278346
-1.1859802032289792
-1.1859341858574155
-1.1858882101968533
-1.1858422762309753
-1.1857963839434378
-1.1857505333178704
-1.185704724337876
-1.1856589569870306
-1.1856132312488838
-1.1855675471069587
-1.1855219045447511
-1.1854763035457305
-1.1854307440933398
-1.1853852261709954
-1.1853397497620863
-1.1852943148499755
-1.185248921417999
-1.1852035694494663
-1.1851582589276601
-1.1851129898358364
-1.1850677621572245
-1.1850225758750275
-1.184977430972421
-1.1849323274325547
-1.1848872652385514
-1.184842244373507
-1.1847972648204905
-1.184752326562545
-1.1847074295826867
-1.184662573863905
-1.184617759389162
-1.1845729861413943
-1.1845282541035111
-1.1844835632583952
-1.1844389135889026
-1.1843943050778627
-1.1843497377080783
-1.1843052114623254
-1.1842607263233536
-1.1842162822738855
-1.1841718792966176
-1.184127517374219
-1.1840831964893324
-1.1840389166245744
-1.1839946777625343
-1.1839504798857752
-1.183906322976833
-1.1838622070182174
-1.1838181319924115
-1.1837740978818716
-1.1837301046690274
-1.1836861523362818
-1.1836422408660114
-1.183598370240566
-1.1835545404422683
-1.1835107514534153
-1.1834670032562769
-1.183423295833096
-1.1833796291660894
-1.1833360032374471
-1.183292418029333
-1.1832488735238833
-1.183205369703208
-1.183161906549391
-1.183118484044489
-1.1830751021705326
-1.1830317609095253
-1.1829884602434444
-1.1829452001542402
-1.1829019806238368
-1.1828588016341313
-1.1828156631669944
-1.1827725652042702
-1.1827295077277762
-1.1826864907193033
-1.182643514160616
-1.1826005780334519
-1.182557682319522
-1.1825148270005115
-1.1824720120580776
-1.1824292374738519
-1.1823865032294394
-1.1823438093064185
-1.1823011556863405
-1.1822585423507308
-1.1822159692810879
-1.1821734364588838
-1.1821309438655638
-1.182088491482547
-1.1820460792912253
-1.182003707272965
-1.181961375409105
-1.1819190836809579
-1.18187683206981
-1.1818346205569212
-1.181792449123524
-1.1817503177508253
-1.1817082264200047
-1.1816661751122162
-1.1816241638085863
-1.1815821924902152
-1.1815402611381773
-1.18149836973352
-1.1814565182572636
-1.1814147066904028
-1.1813729350139057
-1.181331203208713
-1.1812895112557402
-1.1812478591358753
-1.18120624682998
-1.1811646743188897
-1.1811231415834134
-1.1810816486043334
-1.1810401953624057
-1.1809987818383596
-1.1809574080128982
-1.1809160738666977
-1.1808747793804084
-1.1808335245346537
-1.1807923093100305
-1.1807511336871097
-1.1807099976464355
-1.1806689011685254
-1.1806278442338707
-1.1805868268229365
-1.1805458489161607
-1.1805049104939556
-1.1804640115367069
-1.1804231520247734
-1.180382331938488
-1.1803415512581568
-1.1803008099640595
-1.1802601080364499
-1.1802194454555548
-1.180178822201575
-1.1801382382546848
-1.1800976935950318
-1.1800571882027375
-1.180016722057897
-1.179976295140579
-1.1799359074308258
-1.179895558908653
-1.1798552495540506
-1.1798149793469817
-1.1797747482673828
-1.1797345562951649
-1.1796944034102117
-1.1796542895923812
-1.1796142148215047
-1.1795741790773875
-1.179534182339808
-1.179494224588519
-1.1794543058032463
-1.1794144259636898
-1.1793745850495232
-1.1793347830403933
-1.1792950199159213
-1.1792552956557016
-1.1792156102393023
-1.1791759636462655
-1.179136355856107
-1.1790967868483158
-1.1790572566023552
-1.1790177650976623
-1.1789783123136475
-1.178938898229695
-1.178899522825163
-1.1788601860793833
-1.178820887971661
-1.178781628481276
-1.1787424075874813
-1.1787032252695036
-1.1786640815065434
-1.1786249762777754
-1.1785859095623474
-1.1785468813393818
-1.178507891587974
-1.178468940287194
-1.1784300274160846
-1.1783911529536633
-1.178352316878921
-1.1783135191708225
-1.1782747598083065
-1.1782360387702855
-1.1781973560356456
-1.178158711583247
-1.1781201053919241
-1.1780815374404843
-1.1780430077077098
-1.1780045161723558
-1.1779660628131516
-1.1779276476088008
-1.1778892705379806
-1.1778509315793422
-1.1778126307115104
-1.1777743679130843
-1.1777361431626365
-1.1776979564387138
-1.1776598077198368
-1.1776216969845001
-1.1775836242111724
-1.1775455893782958
-1.177507592464287
-1.177469633447536
-1.1774317123064073
-1.1773938290192392
-1.1773559835643437
-1.1773181759200073
-1.17728040606449
-1.1772426739760258
-1.177204979632823
-1.1771673230130637
-1.177129704094904
-1.1770921228564744
-1.1770545792758789
-1.1770170733311953
-1.1769796050004766
-1.1769421742617485
-1.1769047810930118
-1.1768674254722404
-1.176830107377383
-1.176792826786362
-1.1767555836770744
-1.1767183780273902
-1.1766812098151547
-1.1766440790181865
-1.1766069856142787
-1.176569929581198
-1.1765329108966858
-1.1764959295384576
-1.1764589854842025
-1.1764220787115842
-1.1763852091982403
-1.1763483769217826
-1.1763115818597971
-1.176274823989844
-1.1762381032894575
-1.1762014197361466
-1.1761647733073934
-1.1761281639806551
-1.176091591733363
-1.176055056542922
-1.1760185583867118
-1.1759820972420858
-1.1759456730863722
-1.1759092858968734
-1.1758729356508655
-1.1758366223255994
-1.1758003458983
-1.1757641063461666
-1.1757279036463726
-1.1756917377760658
-1.1756556087123684
-1.1756195164323764
-1.1755834609131608
-1.1755474421317664
-1.1755114600652126
-1.1754755146904932
-1.1754396059845758
-1.175403733924403
-1.1753678984868914
-1.175332099648932
-1.1752963373873904
-1.175260611679106
-1.1752249225008933
-1.1751892698295405
-1.1751536536418108
-1.1751180739144416
-1.1750825306241446
-1.1750470237476063
-1.1750115532614869
-1.174976119142422
-1.1749407213670207
-1.174905359911867
-1.1748700347535197
-1.1748347458685116
-1.17479949323335
-1.1747642768245172
-1.1747290966184691
-1.1746939525916371
-1.1746588447204265
-1.1746237729812172
-1.1745887373503638
-1.1745537378041955
-1.1745187743190155
-1.1744838468711025
-1.174448955436709
-1.1744140999920625
-1.1743792805133646
-1.1743444969767922
-1.1743097493584962
-1.1742750376346025
-1.1742403617812116
-1.1742057217743982
-1.174171117590212
-1.1741365492046776
-1.1741020165937939
-1.1740675197335342
-1.1740330585998473
-1.1739986331686558
-1.1739642434158577
-1.1739298893173253
-1.1738955708489058
-1.173861287986421
-1.1738270407056677
-1.1737928289824169
-1.1737586527924149
-1.1737245121113826
-1.1736904069150156
-1.1736563371789843
-1.1736223028789339
-1.1735883039904844
-1.1735543404892308
-1.1735204123507428
-1.1734865195505646
-1.1734526620642158
-1.1734188398671903
-1.1733850529349574
-1.173351301242961
-1.1733175847666197
-1.1732839034813272
-1.1732502573624521
-1.1732166463853384
-1.173183070525304
-1.173149529757642
-1.1731160240576213
-1.173082553400485
-1.173049117761451
-1.1730157171157127
-1.1729823514384383
-1.1729490207047708
-1.1729157248898285
-1.1728824639687048
-1.1728492379164672
-1.1728160467081596
-1.1727828903188
-1.1727497687233819
-1.1727166818968735
-1.172683629814218
-1.1726506124503344
-1.1726176297801163
-1.1725846817784322
-1.172551768420126
-1.172518889680017
-1.1724860455328991
-1.1724532359535416
-1.172420460916689
-1.172387720397061
-1.1723550143693522
-1.1723223428082326
-1.1722897056883474
-1.1722571029843172
-1.1722245346707376
-1.1721920007221793
-1.1721595011131887
-1.172127035818287
-1.172094604811971
-1.1720622080687124
-1.1720298455629587
-1.1719975172691324
-1.171965223161631
-1.171932963214828
-1.1719007374030719
-1.1718685457006865
-1.171836388081971
-1.1718042645212001
-1.1717721749926238
-1.1717401194704673
-1.1717080979289316
-1.1716761103421927
-1.1716441566844022
-1.1716122369296873
-1.1715803510521503
-1.1715484990258695
-1.1715166808248985
-1.1714848964232658
-1.1714531457949757
-1.1714214289140088
-1.17138974575432
-1.1713580962898409
-1.1713264804944776
-1.1712948983421123
-1.1712633498066027
-1.1712318348617823
-1.1712003534814597
-1.1711689056394194
-1.1711374913094217
-1.171106110465202
-1.171074763080472
-1.1710434491289188
-1.1710121685842048
-1.1709809214199685
-1.170949707609824
-1.1709185271273612
-1.1708873799461452
-1.1708562660397175
-1.1708251853815947
-1.1707941379452702
-1.170763123704212
-1.1707321426318644
-1.1707011947016475
-1.170670279886957
-1.1706393981611651
-1.1706085494976188
-1.1705777338696417
-1.1705469512505327
-1.1705162016135673
-1.1704854849319961
-1.170454801179046
-1.17042415032792
-1.1703935323517964
-1.1703629472238302
-1.1703323949171518
-1.1703018754048675
-1.17027138866006
-1.1702409346557876
-1.170210513365085
-1.1701801247609627
-1.1701497688164066
-1.17011944550438
-1.170089154797821
-1.1700588966696444
-1.170028671092741
-1.1699984780399775
-1.1699683174841968
-1.1699381893982181
-1.1699080937548363
-1.1698780305268228
-1.169847999686925
-1.169818001207867
-1.1697880350623482
-1.1697581012230447
-1.1697281996626085
-1.1696983303536683
-1.169668493268829
-1.169638688380671
-1.1696089156617522
-1.1695791750846056
-1.169549466621741
-1.1695197902456445
-1.1694901459287788
-1.1694605336435824
-1.1694309533624705
-1.1694014050578347
-1.1693718887020426
-1.1693424042674385
-1.169312951726343
-1.1692835310510532
-1.1692541422138427
-1.1692247851869613
-1.1691954599426355
-1.1691661664530681
-1.1691369046904385
-1.1691076746269027
-1.1690784762345932
-1.1690493094856185
-1.1690201743520645
-1.168991070805993
-1.1689619988194426
-1.1689329583644288
-1.168903949412943
-1.168874971936954
-1.1688460259084068
-1.168817111299223
-1.1687882280813011
-1.1687593762265163
-1.16873055570672
-1.168701766493741
-1.1686730085593844
-1.1686442818754321
-1.1686155864136427
-1.1685869221457519
-1.1685582890434718
-1.1685296870784916
-1.168501116222477
-1.1684725764470707
-1.1684440677238925
-1.1684155900245383
-1.168387143320582
-1.1683587275835732
-1.168330342785039
-1.1683019888964838
-1.1682736658893882
-1.16824537373521
-1.1682171124053842
-1.1681888818713226
-1.168160682104414
-1.168132513076024
-1.168104374757496
-1.1680762671201494
-1.1680481901352813
-1.1680201437741657
-1.1679921280080536
-1.1679641428081735
-1.1679361881457306
-1.1679082639919074
-1.1678803703178635
-1.1678525070947356
-1.167824674293638
-1.1677968718856617
-1.167769099841875
-1.1677413581333236
-1.1677136467310305
-1.1676859656059957
-1.1676583147291968
-1.1676306940715881
-1.1676031036041021
-1.167575543297648
-1.1675480131231126
-1.1675205130513597
-1.1674930430532309
-1.167465603099545
-1.1674381931610982
-1.1674108132086645
-1.1673834632129945
-1.1673561431448172
-1.1673288529748382
-1.1673015926737413
-1.1672743622121877
-1.1672471615608158
-1.1672199906902416
-1.1671928495710588
-1.1671657381738387
-1.1671386564691304
-1.1671116044274599
-1.1670845820193312
-1.1670575892152262
-1.1670306259856045
-1.1670036923009026
-1.1669767881315356
-1.1669499134478958
-1.1669230682203533
-1.166896252419256
-1.1668694660149297
-1.1668427089776776
-1.1668159812777812
-1.1667892828854993
-1.166762613771069
-1.1667359739047045
-1.166709363256599
-1.1666827817969225
-1.1666562294958234
-1.1666297063234277
-1.16660321224984
-1.1665767472451423
-1.1665503112793945
-1.166523904322635
-1.1664975263448796
-1.1664711773161223
-1.1664448572063353
-1.1664185659854687
-1.1663923036234511
-1.1663660700901883
-1.1663398653555652
-1.166313689389444
-1.1662875421616654
-1.1662614236420485
-1.1662353338003901
-1.1662092726064657
-1.1661832400300283
-1.1661572360408097
-1.1661312606085197
-1.1661053137028468
-1.1660793952934572
-1.1660535053499959
-1.1660276438420856
-1.1660018107393277
-1.1659760060113022
-1.1659502296275672
-1.165924481557659
-1.1658987617710928
-1.1658730702373614
-1.1658474069259372
-1.1658217718062702
-1.1657961648477893
-1.1657705860199015
-1.1657450352919927
-1.165719512633427
-1.1656940180135473
-1.1656685514016754
-1.165643112767111
-1.1656177020791327
-1.165592319306998
-1.1655669644199425
-1.1655416373871808
-1.1655163381779063
-1.1654910667612908
-1.1654658231064852
-1.1654406071826184
-1.165415418958799
-1.1653902584041143
-1.1653651254876294
-1.165340020178389
-1.1653149424454168
-1.1652898922577148
-1.1652648695842642
-1.165239874394025
-1.165214906655936
-1.1651899663389154
-1.1651650534118596
-1.1651401678436448
-1.1651153096031257
-1.1650904786591358
-1.1650656749804882
-1.1650408985359746
-1.1650161492943658
-1.164991427224412
-1.164966732294842
-1.1649420644743642
-1.164917423731666
-1.164892810035414
-1.1648682233542536
-1.16484366365681
-1.1648191309116873
-1.1647946250874686
-1.1647701461527165
-1.1647456940759733
-1.1647212688257598
-1.164696870370577
-1.1646724986789043
-1.164648153719201
-1.1646238354599057
-1.1645995438694363
-1.1645752789161905
-1.1645510405685449
-1.1645268287948558
-1.164502643563459
-1.1644784848426697
-1.1644543526007827
-1.1644302468060725
-1.164406167426793
-1.1643821144311772
-1.1643580877874387
-1.1643340874637695
-1.1643101134283425
-1.1642861656493093
-1.1642622440948018
-1.1642383487329313
-1.1642144795317888
-1.164190636459445
-1.1641668194839503
-1.1641430285733354
-1.1641192636956101
-1.1640955248187648
-1.164071811910769
-1.1640481249395722
-1.164024463873104
-1.164000828679274
-1.1639772193259714
-1.1639536357810658
-1.163930078012406
-1.1639065459878215
-1.1638830396751216
-1.1638595590420955
-1.1638361040565124
-1.1638126746861222
-1.1637892708986537
-1.163765892661817
-1.1637425399433017
-1.1637192127107776
-1.1636959109318947
-1.1636726345742834
-1.163649383605554
-1.1636261579932974
-1.1636029577050846
-1.1635797827084666
-1.1635566329709752
-1.1635335084601222
-1.1635104091433994
-1.1634873349882797
-1.163464285962216
-1.1634412620326415
-1.1634182631669703
-1.1633952893325965
-1.1633723404968945
-1.1633494166272198
-1.1633265176909082
-1.1633036436552757
-1.1632807944876191
-1.163257970155216
-1.1632351706253239
-1.1632123958651819
-1.1631896458420088
-1.1631669205230049
-1.1631442198753505
-1.163121543866207
-1.1630988924627164
-1.1630762656320017
-1.163053663341166
-1.1630310855572943
-1.163008532247451
-1.1629860033786825
-1.1629634989180158
-1.1629410188324583
-1.1629185630889987
-1.1628961316546067
-1.1628737244962328
-1.1628513415808086
-1.1628289828752463
-1.1628066483464394
-1.1627843379612628
-1.162762051686572
-1.1627397894892035
-1.1627175513359753
-1.1626953371936861
-1.162673147029116
-1.1626509808090264
-1.1626288385001595
-1.1626067200692392
-1.1625846254829701
-1.1625625547080387
-1.1625405077111122
-1.1625184844588394
-1.1624964849178505
-1.1624745090547566
-1.1624525568361506
-1.1624306282286068
-1.1624087231986808
-1.1623868417129097
-1.162364983737812
-1.1623431492398875
-1.162321338185618
-1.1622995505414664
-1.1622777862738773
-1.162256045349277
-1.162234327734073
-1.1622126333946552
-1.1621909622973943
-1.1621693144086431
-1.162147689694736
-1.1621260881219895
-1.162104509656701
-1.1620829542651505
-1.1620614219135994
-1.162039912568291
-1.16201842619545
-1.1619969627612838
-1.161975522231981
-1.1619541045737125
-1.1619327097526306
-1.1619113377348704
-1.1618899884865483
-1.1618686619737626
-1.161847358162594
-1.1618260770191056
-1.1618048185093415
-1.161783582599329
-1.1617623692550767
-1.1617411784425757
-1.1617200101277994
-1.161698864276703
-1.1616777408552244
-1.1616566398292831
-1.1616355611647815
-1.1616145048276039
-1.1615934707836169
-1.1615724589986693
-1.1615514694385929
-1.1615305020692013
-1.1615095568562905
-1.1614886337656394
-1.1614677327630085
-1.1614468538141418
-1.161425996884765
-1.161405161940587
-1.1613843489472986
-1.1613635578705732
-1.1613427886760672
-1.1613220413294194
-1.1613013157962515
-1.1612806120421675
-1.1612599300327542
-1.1612392697335812
-1.1612186311102006
-1.1611980141281477
-1.1611774187529402
-1.1611568449500786
-1.1611362926850466
-1.1611157619233106
-1.1610952526303193
-1.1610747647715054
-1.1610542983122838
-1.1610338532180524
-1.1610134294541925
-1.1609930269860678
-1.1609726457790257
-1.1609522857983958
-1.1609319470094916
-1.1609116293776096
-1.1608913328680288
-1.1608710574460122
-1.160850803076805
-1.1608305697256367
-1.1608103573577193
-1.160790165938248
-1.1607699954324018
-1.160749845805343
-1.1607297170222164
-1.160709609048151
-1.160689521848259
-1.1606694553876356
-1.16064940963136
-1.1606293845444946
-1.1606093800920854
-1.1605893962391614
-1.1605694329507357
-1.1605494901918048
-1.1605295679273488
-1.1605096661223313
-1.1604897847416995
-1.1604699237503844
-1.1604500831133007
-1.1604302627953467
-1.1604104627614045
-1.1603906829763397
-1.1603709234050021
-1.1603511840122251
-1.160331464762826
-1.1603117656216058
-1.1602920865533497
-1.1602724275228264
-1.160252788494789
-1.160233169433974
-1.1602135703051024
-1.1601939910728793
-1.1601744317019933
-1.1601548921571172
-1.1601353724029082
-1.1601158724040073
-1.1600963921250398
-1.1600769315306154
-1.1600574905853276
-1.1600380692537542
-1.1600186675004571
-1.1599992852899832
-1.1599799225868628
-1.159960579355611
-1.1599412555607274
-1.1599219511666956
-1.1599026661379837
-1.1598834004390441
-1.1598641540343142
-1.1598449268882152
-1.1598257189651533
-1.159806530229519
-1.1597873606456877
-1.1597682101780187
-1.1597490787908564
-1.1597299664485299
-1.1597108731153527
-1.1596917987556234
-1.159672743333625
-1.1596537068136246
-1.1596346891598754
-1.1596156903366146
-1.1595967103080644
-1.1595777490384318
-1.1595588064919087
-1.159539882632672
-1.1595209774248831
-1.159502090832689
-1.1594832228202214
-1.1594643733515968
-1.1594455423909171
-1.159426729902269
-1.1594079358497242
-1.15938916019734
-1.1593704029091585
-1.159351663949207
-1.1593329432814978
-1.159314240870029
-1.1592955566787835
-1.1592768906717292
-1.15925824281282
-1.1592396130659948
-1.1592210013951778
-1.1592024077642786
-1.1591838321371923
-1.1591652744777996
-1.159146734749966
-1.1591282129175435
-1.1591097089443687
-1.1590912227942642
-1.1590727544310386
-1.1590543038184853
-1.1590358709203834
-1.159017455700498
-1.1589990581225798
-1.1589806781503655
-1.1589623157475772
-1.1589439708779223
-1.1589256435050952
-1.1589073335927749
-1.1588890411046269
-1.1588707660043025
-1.158852508255439
-1.1588342678216597
-1.1588160446665732
-1.1587978387537747
-1.1587796500468455
-1.1587614785093523
-1.1587433241048484
-1.158725186796873
-1.1587070665489518
-1.1586889633245963
-1.158670877087304
-1.1586528078005587
-1.158634755427831
-1.158616719932577
-1.1585987012782395
-1.1585806994282477
-1.1585627143460167
-1.1585447459949483
-1.1585267943384308
-1.158508859339839
-1.1584909409625337
-1.1584730391698626
-1.1584551539251597
-1.1584372851917455
-1.1584194329329272
-1.1584015971119985
-1.15838377769224
-1.1583659746369188
-1.1583481879092885
-1.1583304174725895
-1.1583126632900491
-1.1582949253248813
-1.1582772035402868
-1.1582594978994531
-1.1582418083655548
-1.158224134901753
-1.1582064774711962
-1.1581888360370194
-1.1581712105623445
-1.1581536010102809
-1.1581360073439246
-1.158118429526359
-1.1581008675206539
-1.1580833212898671
-1.158065790797043
-1.1580482760052135
-1.1580307768773972
-1.1580132933766
-1.1579958254658158
-1.1579783731080247
-1.157960936266195
-1.1579435149032817
-1.1579261089822275
-1.1579087184659627
-1.1578913433174043
-1.1578739834994574
-1.1578566389750145
-1.1578393097069553
-1.157821995658147
-1.157804696791445
-1.157787413069692
-1.1577701444557178
-1.1577528909123402
-1.1577356524023652
-1.1577184288885858
-1.1577012203337829
-1.1576840267007253
-1.1576668479521697
-1.1576496840508603
-1.1576325349595293
-1.157615400640897
-1.1575982810576713
-1.157581176172548
-1.1575640859482115
-1.1575470103473335
-1.157529949332574
-1.1575129028665807
-1.1574958709119902
-1.1574788534314266
-1.1574618503875023
-1.1574448617428177
-1.1574278874599617
-1.1574109275015112
-1.1573939818300314
-1.1573770504080758
-1.1573601331981864
-1.1573432301628936
-1.157326341264716
-1.15730946646616
-1.1572926057297217
-1.1572757590178848
-1.1572589262931217
-1.1572421075178934
-1.1572253026546493
-1.1572085116658275
-1.157191734513855
-1.1571749711611468
-1.1571582215701068
-1.1571414857031281
-1.157124763522592
-1.157108054990869
-1.1570913600703177
-1.157074678723286
-1.157058010912111
-1.1570413565991178
-1.157024715746621
-1.1570080883169243
-1.1569914742723197
-1.1569748735750889
-1.1569582861875023
-1.1569417120718195
-1.1569251511902887
-1.156908603505148
-1.1568920689786242
-1.156875547572933
-1.15685903925028
-1.1568425439728598
-1.1568260617028558
-1.1568095924024413
-1.1567931360337786
-1.1567766925590195
-1.1567602619403052
-1.1567438441397662
-1.1567274391195226
-1.1567110468416837
-1.1566946672683485
-1.1566783003616057
-1.1566619460835335
-1.1566456043961992
-1.1566292752616607
-1.1566129586419647
-1.156596654499148
-1.156580362795237
-1.1565640834922477
-1.1565478165521863
-1.1565315619370484
-1.1565153196088198
-1.1564990895294758
-1.1564828716609818
-1.1564666659652934
-1.1564504724043556
-1.1564342909401037
-1.156418121534463
-1.156401964149349
-1.1563858187466671
-1.156369685288313
-1.156353563736172
-1.15633745405212
-1.1563213561980237
-1.156305270135739
-1.1562891958271126
-1.1562731332339813
-1.1562570823181724
-1.1562410430415033
-1.1562250153657823
-1.1562089992528075
-1.1561929946643679
-1.156177001562243
-1.1561610199082024
-1.1561450496640064
-1.1561290907914061
-1.156113143252143
-1.1560972070079494
-1.1560812820205482
-1.1560653682516528
-1.1560494656629678
-1.1560335742161882
-1.1560176938729996
-1.1560018245950787
-1.1559859663440935
-1.1559701190817018
-1.1559542827695533
-1.155938457369288
-1.155922642842537
-1.155906839150923
-1.1558910462560592
-1.1558752641195496
-1.1558594927029897
-1.1558437319679662
-1.1558279818760568
-1.1558122423888306
-1.1557965134678476
-1.1557807950746593
-1.155765087170808
-1.1557493897178284
-1.1557337026772452
-1.1557180260105755
-1.1557023596793272
-1.155686703645
-1.155671057869085
-1.1556554223130646
-1.1556397969384131
-1.1556241817065958
-1.1556085765790702
-1.155592981517285
-1.1555773964826808
-1.15556182143669
-1.1555462563407364
-1.1555307011562357
-1.1555151558445953
-1.1554996203672148
-1.155484094685485
-1.155468578760789
-1.1554530725545018
-1.15543757602799
-1.1554220891426128
-1.1554066118597208
-1.155391144140657
-1.1553756859467563
-1.1553602372393457
-1.1553447979797444
-1.1553293681292636
-1.155313947649207
-1.15529853650087
-1.1552831346455412
-1.1552677420445003
-1.1552523586590202
-1.1552369844503658
-1.1552216193797944
-1.1552062634085558
-1.155190916497892
-1.1551755786090376
-1.1551602497032203
-1.1551449297416592
-1.1551296186855669
-1.1551143164961482
-1.1550990231346006
-1.1550837385621142
-1.155068462739872
-1.1550531956290493
-1.1550379371908148
-1.1550226873863296
-1.1550074461767477
-1.1549922135232158
-1.1549769893868738
-1.154961773728854
-1.1549465665102823
-1.154931367692277
-1.15491617723595
-1.1549009951024056
-1.1548858212527418
-1.1548706556480492
-1.154855498249412
-1.1548403490179069
-1.1548252079146046
-1.1548100749005688
-1.154794949936856
-1.1547798329845167
-1.1547647240045942
-1.154749622958125
-1.1547345298061398
-1.154719444509662
-1.1547043670297088
-1.1546892973272909
-1.1546742353634125
-1.1546591810990714
-1.1546441344952585
-1.154629095512959
-1.1546140641131513
-1.1545990402568076
-1.1545840239048941
-1.1545690150183705
-1.1545540135581902
-1.1545390194853005
-1.1545240327606423
-1.1545090533451512
-1.1544940811997557
-1.154479116285379
-1.1544641585629376
-1.1544492079933428
-1.1544342645374992
-1.154419328156306
-1.1544043988106558
-1.1543894764614362
-1.1543745610695286
-1.1543596525958084
-1.1543447510011455
-1.154329856246404
-1.154314968292442
-1.1543000871001126
-1.1542852126302625
-1.1542703448437335
-1.1542554837013612
-1.154240629163976
-1.1542257811924026
-1.1542109397474607
-1.1541961047899638
-1.1541812762807206
-1.1541664541805343
-1.1541516384502024
-1.1541368290505176
-1.1541220259422666
-1.1541072290862318
-1.1540924384431896
-1.1540776539739117
-1.1540628756391642
-1.1540481033997085
-1.1540333372163005
-1.1540185770496916
-1.1540038228606275
-1.1539890746098496
-1.1539743322580938
-1.1539595957660913
-1.1539448650945685
-1.1539301402042466
-1.1539154210558422
-1.1539007076100671
-1.1538859998276283
-1.153871297669228
-1.153856601095564
-1.1538419100673292
-1.153827224545212
-1.1538125444898957
-1.1537978698620595
-1.153783200622378
-1.1537685367315216
-1.1537538781501555
-1.153739224838941
-1.1537245767585351
-1.1537099338695898
-1.1536952961327533
-1.1536806635086692
-1.1536660359579771
-1.1536514134413123
-1.1536367959193055
-1.1536221833525837
-1.1536075757017696
-1.1535929729274816
-1.1535783749903346
-1.1535637818509383
-1.1535491934698998
-1.1535346098078214
-1.1535200308253013
-1.1535054564829343
-1.153490886741311
-1.1534763215610182
-1.153461760902639
-1.1534472047267528
-1.153432652993935
-1.1534181056647572
-1.1534035626997876
-1.1533890240595903
-1.1533744897047264
-1.153359959595753
-1.153345433693224
-1.153330911957689
-1.1533163943496954
-1.1533018808297855
-1.1532873713584997
-1.153272865896374
-1.1532583644039416
-1.1532438668417322
-1.153229373170272
-1.1532148833500844
-1.1532003973416889
-1.1531859151056028
-1.38508
-1.5708
-1.54766
-1.5708
-1.561
-1.53564
-1.50923
-1.48468
-1.45919
-1.43512
-1.41086
-1.38729
-1.36405
-1.34124
-1.31883
-1.29684
-1.27525
-1.25409
-1.23333
-1.213
-1.19307
-1.17357
-1.15448
-1.13581
-1.11755
-1.09972
-1.08229
-1.0653
-1.04871
-1.03256
-1.0168
-1.00149
-0.986573
-0.972094
-0.958017
-0.944376
-0.931136
-0.918331
-0.905927
-0.893957
-0.882386
-0.871249
-0.860509
-0.8502
-0.840287
-0.830803
-0.821711
-0.813047
-0.804772
-0.79692
-0.795878
-0.800161
-0.802311
-0.804037
-0.806071
-0.807431
-0.808647
-0.809594
-0.810227
-0.810617
-0.810727
-0.810568
-0.810146
-0.809457
-0.808506
-0.807294
-0.805822
-0.804091
-0.802104
-0.799862
-0.797366
-0.794618
-0.79162
-0.788373
-0.784877
-0.781137
-0.77715
-0.772923
-0.768455
-0.763736
-0.758812
-0.753595
-0.748197
-0.742598
-0.73651
-0.730817
-0.723967
-0.717548
-0.711961
-0.701183
-0.700861
-0.685647
-0.678872
-0.692023
-0.622639
-0.723265
-0.592063
-0.605735
-0.894491
-0.00870001
0
0
0
0
0
0
0
0
0
0
0
0
0
0
0
0
0
0
0
0
0
0
0
0
0
0
0
0
0
0
0
0
0
0
0
0
0
0
0
0
