1586.41
1585.24
1584.07
1582.9
1581.73
1580.55
1579.38
1578.21
1577.03
1575.86
1574.68
1573.51
1572.33
1571.15
1569.98
1568.8
1567.62
1566.44
1565.27
1564.09
1562.91
1561.73
1560.55
1559.37
1558.19
1557
1555.82
1554.64
1553.46
1552.27
1551.09
1549.91
1548.72
1547.54
1546.35
1545.17
1544.05
1544.05
1544.06
1544.06
1544.06
1544.0608775373598
1544.0617854257237
1544.062723664918
1544.0636922547633
1544.0646911950741
1544.0657204856598
1544.0667801263223
1544.067870116859
1544.0689904570604
1544.0701411467116
1544.0713221855913
1544.0725335734726
1544.0737753101225
1544.0750473953021
1544.0763498287668
1544.0776826102651
1544.0790457395408
1544.0804392163307
1544.0818630403662
1544.0833172113728
1544.0848017290696
1544.08631659317
1544.0878618033819
1544.0894373594062
1544.0910432609387
1544.092679507669
1544.0943460992805
1544.096043035451
1544.0977703158521
1544.0995279401495
1544.1013159080032
1544.1031342190668
1544.1049828729883
1544.1068618694096
1544.1087712079664
1544.1107108882888
1544.1126809100008
1544.1146812727204
1544.1167119760596
1544.1187730196245
1544.1208644030155
1544.1229861258264
1544.1251381876457
1544.1273205880557
1544.1295333266326
1544.1317764029466
1544.1340498165619
1544.136353567037
1544.1386876539248
1544.141052076771
1544.1434468351167
1544.145871928496
1544.1483273564377
1544.1508131184642
1544.1533292140923
1544.1558756428324
1544.1584524041893
1544.1610594976619
1544.1636969227427
1544.1663646789186
1544.16906276567
1544.1717911824721
1544.1745499287938
1544.1773390040976
1544.1801584078405
1544.1830081394737
1544.185888198442
1544.1887985841843
1544.1917392961334
1544.1947103337168
1544.197711696355
1544.2007433834638
1544.2038053944514
1544.2068977287215
1544.210020385671
1544.213173364691
1544.216356665167
1544.2195702864778
1544.2228142279969
1544.2260884890914
1544.2293930691226
1544.2327279674457
1544.23609318341
1544.239488716359
1544.2429145656295
1544.2463707305535
1544.249857210456
1544.2533740046563
1544.2569211124678
1544.260498533198
1544.264106266148
1544.2677443106136
1544.2714126658839
1544.2751113312424
1544.278840305967
1544.2825995893286
1544.2863891805928
1544.2902090790192
1544.294059283861
1544.297939794366
1544.3018506097756
1544.3057917293252
1544.3097631522444
1544.3137648777565
1544.3177969050791
1544.321859233424
1544.3259518619964
1544.330074789996
1544.334228016616
1544.338411541044
1544.3426253624618
1544.3468694800447
1544.3511438929622
1544.355448600378
1544.3597836014494
1544.364148895328
1544.3685444811595
1544.372970358083
1544.377426525232
1544.3819129817343
1544.386429726711
1544.3909767592777
1544.395554078544
1544.4001616836129
1544.4047995735823
1544.4094677475437
1544.414166204582
1544.4188949437769
1544.4236539642018
1544.4284432649238
1544.4332628450045
1544.4381127034992
1544.4429928394572
1544.4479032519218
1544.45284393993
1544.4578149025135
1544.4628161386972
1544.4678476475005
1544.4729094279367
1544.4780014790126
1544.4831237997296
1544.4882763890828
1544.493459246061
1544.4986723696475
1544.5039157588194
1544.5091894125476
1544.514493329797
1544.519827509527
1544.52519195069
1544.530586652233
1544.5360116130971
1544.5414668322169
1544.5469523085212
1544.5524680409326
1544.558014028368
1544.5635902697381
1544.5691967639475
1544.574833509895
1544.5805005064726
1544.5861977525674
1544.5919252470594
1544.5976829888234
1544.6034709767275
1544.6092892096344
1544.6151376864
1544.6210164058746
1544.6269253669025
1544.632864568322
1544.638834008965
1544.6448336876576
1544.6508636032197
1544.6569237544652
1544.6630141402022
1544.6691347592325
1544.675285610352
1544.6814666923499
1544.6876780040104
1544.693919544111
1544.700191311423
1544.706493304712
1544.7128255227376
1544.719187964253
1544.7255806280054
1544.7320035127361
1544.7384566171802
1544.7449399400668
1544.751453480119
1544.7579972360536
1544.7645712065814
1544.7711753904075
1544.7778097862306
1544.784474392743
1544.7911692086318
1544.7978942325772
1544.8046494632538
1544.8114348993295
1544.818250539467
1544.8250963823225
1544.8319724265457
1544.838878670781
1544.8458151136663
1544.8527817538331
1544.8597785899078
1544.8668056205095
1544.873862844252
1544.8809502597428
1544.8880678655833
1544.8952156603686
1544.9023936426881
1544.909601811125
1544.9168401642562
1544.9241087006526
1544.9314074188792
1544.9387363174944
1544.946095395051
1544.9534846500958
1544.9609040811688
1544.9683536868042
1544.9758334655305
1544.9833434158697
1544.9908835363378
1544.9984538254448
1545.0060542816943
1545.0136849035841
1545.0213456896058
1545.0290366382446
1545.0367577479797
1545.0445090172846
1545.052290444626
1545.060102028465
1545.0679437672568
1545.0758156594495
1545.0837177034862
1545.0916498978029
1545.09961224083
1545.107604730992
1545.1156273667068
1545.1236801463863
1545.1317630684362
1545.1398761312562
1545.14801933324
1545.1561926727748
1545.1643961482418
1545.1726297580162
1545.1808935004672
1545.1891873739573
1545.1975113768435
1545.2058655074761
1545.2142497641996
1545.2226641453522
1545.231108649266
1545.2395832742668
1545.2480880186745
1545.2566228808028
1545.2651878589593
1545.2737829514451
1545.2824081565554
1545.2910634725795
1545.2997488977999
1545.3084644304934
1545.3172100689305
1545.3259858113756
1545.334791656087
1545.3436276013165
1545.35249364531
1545.3613897863072
1545.3703160225418
1545.3792723522408
1545.3882587736257
1545.397275284911
1545.4063218843062
1545.4153985700134
1545.4245053402292
1545.4336421931437
1545.4428091269413
1545.4520061397996
1545.4612332298902
1545.470490395379
1545.4797776344253
1545.4890949451817
1545.4984423257954
1545.5078197744074
1545.517227289152
1545.5266648681577
1545.5361325095464
1545.5456302114342
1545.5551579719308
1545.5647157891397
1545.5743036611582
1545.5839215860774
1545.5935695619821
1545.6032475869513
1545.6129556590572
1545.6226937763663
1545.6324619369386
1545.6422601388276
1545.6520883800813
1545.6619466587408
1545.6718349728415
1545.681753320412
1545.6917016994755
1545.701680108048
1545.7116885441403
1545.7217270057558
1545.7317954908926
1545.7418939975423
1545.75202252369
1545.762181067315
1545.7723696263897
1545.7825881988813
1545.7928367827499
1545.8031153759496
1545.813423976428
1545.823762582127
1545.8341311909821
1545.8445298009224
1545.8549584098703
1545.8654170157427
1545.8759056164497
1545.8864242098957
1545.8969727939784
1545.9075513665894
1545.918159925614
1545.9287984689313
1545.9394669944138
1545.950165499928
1545.9608939833345
1545.9716524424866
1545.9824408752327
1545.9932592794137
1546.0041076528648
1546.014985993415
1546.0258942988867
1546.036832567096
1546.0478007958534
1546.0587989829621
1546.0698271262197
1546.0808852234172
1546.0919732723396
1546.1030912707652
1546.1142392164663
1546.1254171072087
1546.1366249407524
1546.1478627148504
1546.1591304272497
1546.170428075691
1546.181755657909
1546.1931131716315
1546.2045006145806
1546.2159179844714
1546.2273652790132
1546.2388424959088
1546.2503496328547
1546.2618866875412
1546.273453657652
1546.2850505408646
1546.2966773348503
1546.3083340372739
1546.320020645794
1546.3317371580629
1546.3434835717262
1546.3552598844237
1546.3670660937887
1546.3789021974478
1546.3907681930216
1546.4026640781242
1546.4145898503637
1546.4265455073414
1546.4385310466523
1546.4505464658853
1546.4625917626229
1546.4746669344408
1546.486771978909
1546.4989068935906
1546.5110716760428
1546.523266323816
1546.5354908344545
1546.5477452054963
1546.5600294344729
1546.5723435189093
1546.5846874563242
1546.59706124423
1546.6094648801327
1546.621898361532
1546.634361685921
1546.6468548507867
1546.6593778536092
1546.6719306918628
1546.6845133630152
1546.6971258645276
1546.7097681938549
1546.7224403484454
1546.7351423257414
1546.7478741231787
1546.7606357381862
1546.7734271681868
1546.7862484105972
1546.7990994628271
1546.8119803222803
1546.824890986354
1546.8378314524389
1546.8508017179195
1546.8638017801738
1546.8768316365731
1546.8898912844827
1546.9029807212612
1546.9160999442608
1546.929248950827
1546.9424277382998
1546.9556363040115
1546.968874645289
1546.9821427594518
1546.995440643814
1547.0087682956828
1547.0221257123585
1547.0355128911358
1547.0489298293023
1547.0623765241392
1547.0758529729214
1547.0893591729175
1547.1028951213893
1547.1164608155925
1547.1300562527758
1547.1436814301821
1547.1573363450473
1547.171020994601
1547.1847353760666
1547.1984794866605
1547.212253323593
1547.2260568840675
1547.2398901652814
1547.2537531644257
1547.2676458786843
1547.2815683052352
1547.2955204412494
1547.3095022838918
1547.3235138303205
1547.3375550776873
1547.3516260231374
1547.36572666381
1547.3798569968367
1547.3940170193437
1547.4082067284498
1547.422426121268
1547.4366751949044
1547.4509539464586
1547.4652623730237
1547.4796004716864
1547.4939682395266
1547.5083656736178
1547.5227927710273
1547.5372495288157
1547.5517359440366
1547.5662520137375
1547.5807977349593
1547.5953731047362
1547.609978120096
1547.62461277806
1547.6392770756431
1547.653971009853
1547.6686945776914
1547.6834477761536
1547.6982306022278
1547.713043052896
1547.7278851251333
1547.7427568159083
1547.7576581221836
1547.7725890409145
1547.78754956905
1547.8025397035328
1547.8175594412985
1547.8326087792766
1547.8476877143896
1547.8627962435537
1547.8779343636784
1547.8931020716666
1547.9082993644147
1547.9235262388122
1547.9387826917425
1547.954068720082
1547.9693843207003
1547.9847294904612
1548.000104226221
1548.0155085248302
1548.030942383132
1548.0464057979632
1548.061898766154
1548.0774212845279
1548.0929733499022
1548.108554959087
1548.1241661088864
1548.1398067960968
1548.155477017509
1548.1711767699067
1548.1869060500671
1548.202664854761
1548.2184531807516
1548.2342710247965
1548.2501183836464
1548.265995254045
1548.2819016327296
1548.2978375164307
1548.3138029018721
1548.3297977857712
1548.3458221648386
1548.3618760357783
1548.3779593952875
1548.3940722400566
1548.4102145667696
1548.4263863721037
1548.4425876527293
1548.4588184053102
1548.4750786265038
1548.4913683129603
1548.5076874613233
1548.52403606823
1548.540414130311
1548.5568216441898
1548.573258606483
1548.5897250138012
1548.6062208627477
1548.6227461499195
1548.6393008719067
1548.6558850252925
1548.6724986066533
1548.6891416125595
1548.705814039574
1548.7225158842534
1548.7392471431474
1548.7560078127988
1548.772797889744
1548.7896173705124
1548.8064662516267
1548.8233445296032
1548.840252200951
1548.8571892621726
1548.8741557097637
1548.8911515402133
1548.9081767500036
1548.92523133561
1548.9423152935015
1548.9594286201398
1548.97657131198
1548.9937433654707
1549.010944777053
1549.0281755431622
1549.0454356602263
1549.0627251246663
1549.0800439328966
1549.097392081325
1549.1147695663526
1549.1321763843732
1549.149612531774
1549.1670780049358
1549.1845728002318
1549.202096914029
1549.2196503426874
1549.2372330825604
1549.2548451299942
1549.2724864813285
1549.290157132896
1549.3078570810223
1549.325586322027
1549.3433448522221
1549.3611326679131
1549.3789497653986
1549.39679614097
1549.4146717909127
1549.4325767115045
1549.4505108990163
1549.4684743497128
1549.4864670598513
1549.5044890256825
1549.52254024345
1549.540620709391
1549.5587304197354
1549.576869370706
1549.5950375585194
1549.613234979385
1549.631461629505
1549.6497175050756
1549.6680026022852
1549.6863169173155
1549.7046604463414
1549.7230331855314
1549.7414351310463
1549.7598662790406
1549.7783266256615
1549.7968161670494
1549.8153348993378
1549.8338828186536
1549.8524599211162
1549.8710662028386
1549.8897016599265
1549.9083662884789
1549.9270600845878
1549.945783044338
1549.964535163808
1549.9833164390689
1550.0021268661849
1550.0209664412134
1550.0398351602048
1550.0587330192022
1550.0776600142424
1550.0966161413546
1550.1156013965615
1550.1346157758785
1550.1536592753143
1550.1727318908706
1550.1918336185422
1550.2109644543164
1550.230124394174
1550.249313434089
1550.2685315700278
1550.2877787979505
1550.3070551138094
1550.3263605135508
1550.3456949931128
1550.3650585484277
1550.38445117542
1550.4038728700077
1550.4233236281013
1550.4428034456046
1550.4623123184142
1550.4818502424198
1550.5014172135043
1550.5210132275429
1550.5406382804044
1550.5602923679505
1550.5799754860357
1550.5996876305073
1550.619428797206
1550.6391989819651
1550.6589981806108
1550.6788263889623
1550.6986836028325
1550.7185698180258
1550.7384850303408
1550.7584292355684
1550.7784024294926
1550.7984046078902
1550.8184357665314
1550.8384959011785
1550.8585850075874
1550.8787030815065
1550.8988501186775
1550.9190261148349
1550.9392310657056
1550.9594649670103
1550.9797278144617
1551.000019603766
1551.0203403306223
1551.040689990722
1551.0610685797499
1551.0814760933836
1551.1019125272937
1551.1223778771432
1551.1428721385882
1551.163395307278
1551.1839473788546
1551.2045283489524
1551.2251382131994
1551.2457769672158
1551.266444606615
1551.2871411270035
1551.3078665239798
1551.328620793136
1551.3494039300567
1551.3702159303195
1551.391056789495
1551.4119265031463
1551.432825066829
1551.4537524760924
1551.474708726478
1551.4956938135201
1551.5167077327462
1551.5377504796766
1551.5588220498237
1551.5799224386935
1551.6010516417846
1551.622209654588
1551.6433964725877
1551.6646120912608
1551.6858565060768
1551.707129712498
1551.7284317059798
1551.74976248197
1551.7711220359097
1551.792510363232
1551.8139274593634
1551.835373319723
1551.8568479397222
1551.878351314766
1551.8998834402512
1551.921444311568
1551.9430339240992
1551.9646522732203
1551.9862993542995
1552.007975162698
1552.0296796937691
1552.0514129428593
1552.073174905308
1552.0949655764468
1552.1167849516003
1552.138633026086
1552.1605097952136
1552.1824152542856
1552.2043493985977
1552.226312223438
1552.2483037240872
1552.2703238958188
1552.292372733899
1552.314450233586
1552.336556390132
1552.3586911987811
1552.3808546547698
1552.4030467533278
1552.4252674896775
1552.4475168590334
1552.4697948566031
1552.4921014775869
1552.514436717177
1552.5368005705593
1552.559193032912
1552.5816140994054
1552.6040637652034
1552.6265420254613
1552.6490488753282
1552.671584309945
1552.6941483244457
1552.716740913957
1552.7393620735975
1552.762011798479
1552.784690083706
1552.807396924375
1552.8301323155763
1552.8528962523912
1552.8756887298944
1552.8985097431535
1552.9213592872281
1552.9442373571708
1552.9671439480264
1552.9900790548327
1553.0130426726193
1553.0360347964095
1553.059055421218
1553.0821045420535
1553.1051821539154
1553.1282882517971
1553.151422830684
1553.1745858855538
1553.1977774113775
1553.220997403118
1553.2442458557307
1553.2675227641641
1553.2908281233586
1553.3141619282474
1553.3375241737563
1553.3609148548035
1553.3843339662997
1553.407781503148
1553.431257460244
1553.4547618324764
1553.4782946147254
1553.5018558018644
1553.525445388759
1553.5490633702675
1553.5727097412405
1553.596384496521
1553.620087630945
1553.64381913934
1553.6675790165266
1553.691367257318
1553.7151838565196
1553.739028808929
1553.7629021093371
1553.7868037525263
1553.8107337332717
1553.834692046341
1553.8586786864944
1553.8826936484845
1553.906736927056
1553.9308085169464
1553.9549084128853
1553.979036609595
1554.0031931017902
1554.0273778841777
1554.051590951457
1554.07583229832
1554.1001019194505
1554.1243998095254
1554.1487259632136
1554.1730803751764
1554.1974630400675
1554.2218739525333
1554.2463131072118
1554.2707804987342
1554.2952761217236
1554.3197999707954
1554.3443520405579
1554.3689323256108
1554.393540820547
1554.4181775199515
1554.4428424184016
1554.4675355104666
1554.492256790709
1554.5170062536824
1554.541783893934
1554.5665897060026
1554.5914236844192
1554.6162858237074
1554.641176118383
1554.6660945629546
1554.6910411519223
1554.7160158797788
1554.7410187410092
1554.7660497300908
1554.7911088414933
1554.8161960696787
1554.8413114091009
1554.8664548542065
1554.8916263994342
1554.916826039215
1554.942053767972
1554.9673095801209
1554.992593470069
1555.0179054322168
1555.0432454609563
1555.068613550672
1555.0940096957402
1555.1194338905304
1555.1448861294036
1555.1703664067134
1555.1958747168048
1555.221411054016
1555.246975412677
1555.2725677871101
1555.2981881716296
1555.323836560542
1555.3495129481466
1555.375217328734
1555.4009496965873
1555.4267100459822
1555.4524983711863
1555.478314666459
1555.5041589260527
1555.530031144211
1555.5559313151705
1555.5818594331593
1555.607815492398
1555.6337994870994
1555.6598114114684
1555.6858512597016
1555.7119190259887
1555.7380147045108
1555.7641382894408
1555.7902897749448
1555.8164691551801
1555.8426764242965
1555.868911576436
1555.8951746057323
1555.9214655063117
1555.9477842722924
1555.9741308977846
1556.0005053768907
1556.0269077037049
1556.053337872314
1556.0797958767964
1556.106281711223
1556.1327953696562
1556.1593368461513
1556.1859061347548
1556.2125032295057
1556.2391281244354
1556.2657808135666
1556.2924612909144
1556.3191695504859
1556.3459055862802
1556.3726693922888
1556.3994609624947
1556.4262802908734
1556.4531273713917
1556.4800021980093
1556.5069047646773
1556.5338350653392
1556.5607930939302
1556.5877788443777
1556.6147923106007
1556.6418334865107
1556.6689023660113
1556.6959989429972
1556.723123211356
1556.7502751649672
1556.7774547977015
1556.804662103422
1556.831897075984
1556.8591597092347
1556.8864499970132
1556.91376793315
1556.9411135114685
1556.9684867257831
1556.995887569901
1557.0233160376208
1557.0507721227332
1557.0782558190208
1557.1057671202577
1557.1333060202107
1557.160872512638
1557.1884665912899
1557.2160882499086
1557.2437374822277
1557.2714142819734
1557.2991186428635
1557.3268505586077
1557.3546100229075
1557.3823970294566
1557.4102115719397
1557.4380536440344
1557.4659232394097
1557.4938203517263
1557.5217449746372
1557.549697101787
1557.577676726812
1557.6056838433403
1557.6337184449924
1557.6617805253802
1557.689870078107
1557.717987096769
1557.7461315749533
1557.7743035062392
1557.8025028841976
1557.8307297023916
1557.8589839543758
1557.8872656336964
1557.9155747338916
1557.9439112484918
1557.9722751710183
1558.0006664949851
1558.0290852138974
1558.0575313212523
1558.086004810539
1558.1145056752378
1558.143033908821
1558.1715895047532
1558.20017245649
1558.2287827574792
1558.25742040116
1558.2860853809636
1558.314777690313
1558.3434973226224
1558.3722442712985
1558.4010185297395
1558.4298200913347
1558.4586489494657
1558.4875050975056
1558.516388528819
1558.545299236763
1558.5742372146854
1558.6032024559263
1558.6321949538171
1558.6612147016813
1558.690261692834
1558.7193359205812
1558.7484373782215
1558.777566059045
1558.8067219563334
1558.8359050633594
1558.8651153733883
1558.8943528796765
1558.923617575472
1558.9529094540148
1558.9822285085363
1559.0115747322593
1559.0409481183988
1559.070348660161
1559.0997763507437
1559.1292311833363
1559.15871315112
1559.1882222472675
1559.2177584649428
1559.2473217973022
1559.276912237493
1559.306529778654
1559.336174413916
1559.3658461364012
1559.3955449392229
1559.4252708154868
1559.4550237582896
1559.4848037607198
1559.5146108158574
1559.5444449167737
1559.5743060565317
1559.604194228186
1559.6341094247828
1559.6640516393593
1559.6940208649448
1559.7240170945602
1559.7540403212172
1559.7840905379196
1559.8141677376627
1559.844271913433
1559.8744030582088
1559.9045611649594
1559.9347462266462
1559.9649582362215
1559.9951971866294
1560.0254630708055
1560.0557558816765
1560.0860756121613
1560.1164222551695
1560.1467958036023
1560.1771962503528
1560.207623588305
1560.2380778103347
1560.2685589093087
1560.2990668780858
1560.3296017095158
1560.3601633964402
1560.3907519316915
1560.421367308094
1560.452009518463
1560.4826785556058
1560.513374412321
1560.5440970813977
1560.5748465556176
1560.6056228277525
1560.6364258905671
1560.6672557368163
1560.6981123592466
1560.728995750596
1560.759905903594
1560.7908428109613
1560.8218064654097
1560.852796859643
1560.8838139863553
1560.914857838233
1560.9459284079537
1560.977025688186
1561.0081496715898
1561.0393003508161
1561.070477718508
1561.1016817672994
1561.1329124898155
1561.1641698786725
1561.1954539264789
1561.2267646258333
1561.2581019693262
1561.2894659495394
1561.3208565590458
1561.3522737904095
1561.3837176361862
1561.4151880889224
1561.4466851411562
1561.4782087854167
1561.5097590142245
1561.5413358200915
1561.5729391955201
1561.6045691330048
1561.636225625031
1561.6679086640754
1561.699618242606
1561.7313543530815
1561.7631169879523
1561.7949061396596
1561.8267218006363
1561.858563963306
1561.8904326200843
1561.9223277633769
1561.9542493855813
1561.986197479086
1562.0181720362707
1562.0501730495064
1562.0822005111552
1562.11425441357
1562.1463347490953
1562.1784415100667
1562.2105746888108
1562.242734277645
1562.2749202688785
1562.3071326548115
1562.339371427735
1562.3716365799307
1562.4039281036728
1562.4362459912252
1562.4685902348435
1562.5009608267746
1562.533357759256
1562.5657810245166
1562.5982306147762
1562.6307065222459
1562.6632087391279
1562.695737257615
1562.7282920698917
1562.760873168133
1562.7934805445052
1562.8261141911657
1562.858774100263
1562.8914602639363
1562.9241726743162
1562.956911323524
1562.9896762036726
1563.022467306865
1563.0552846251962
1563.0881281507516
1563.1209978756074
1563.1538937918313
1563.186815891482
1563.2197641666087
1563.2527386092522
1563.285739211444
1563.3187659652067
1563.3518188625533
1563.3848978954884
1563.4180030560074
1563.4511343360964
1563.484291727733
1563.5174752228854
1563.5506848135124
1563.5839204915642
1563.6171822489819
1563.650470077697
1563.683783969633
1563.7171239167033
1563.7504899108126
1563.7838819438566
1563.8173000077218
1563.8507440942853
1563.884214195416
1563.9177103029724
1563.9512324088048
1563.9847805047539
1564.018354582652
1564.0519546343212
1564.0855806515754
1564.1192326262187
1564.1529105500467
1564.186614414845
1564.220344212391
1564.254099934452
1564.2878815727865
1564.3216891191444
1564.3555225652658
1564.3893819028817
1564.4232671237137
1564.4571782194748
1564.4911151818685
1564.5250780025888
1564.5590666733208
1564.5930811857404
1564.6271215315144
1564.6611877023001
1564.6952796897458
1564.7293974854902
1564.7635410811629
1564.7977104683848
1564.831905638767
1564.8661265839114
1564.9003732954106
1564.9346457648485
1564.9689439837987
1565.0032679438264
1565.037617636487
1565.0719930533276
1565.1063941858845
1565.140821025686
1565.1752735642501
1565.2097517930863
1565.2442557036945
1565.278785287565
1565.3133405361793
1565.3479214410095
1565.3825279935177
1565.4171601851574
1565.4518180073726
1565.4865014515979
1565.5212105092585
1565.5559451717702
1565.5907054305396
1565.6254912769639
1565.6603027024307
1565.695139698319
1565.7300022559975
1565.764890366826
1565.7998040221546
1565.8347432133241
1565.8697079316664
1565.9046981685035
1565.939713915148
1565.9747551629032
1566.009821903063
1566.044914126912
1566.0800318257252
1566.1151749907679
1566.1503436132966
1566.1855376845579
1566.2207571957888
1566.2560021382176
1566.2912725030624
1566.326568281532
1566.3618894648262
1566.3972360441344
1566.4326080106375
1566.4680053555066
1566.503428069903
1566.5388761449788
1566.5743495718766
1566.6098483417293
1566.6453724456605
1566.6809218747844
1566.7164966202054
1566.752096673018
1566.7877220243083
1566.823372665152
1566.8590485866155
1566.8947497797556
1566.9304762356194
1566.9662279452448
1567.00200489966
1567.0378070898837
1567.073634506925
1567.1094871417831
1567.1453649854482
1567.1812680289004
1567.2171962631105
1567.2531496790398
1567.2891282676396
1567.3251320198522
1567.3611609266097
1567.3972149788349
1567.4332941674406
1567.4693984833307
1567.5055279173987
1567.541682460529
1567.5778621035965
1567.6140668374658
1567.650296652992
1567.6865515410211
1567.722831492389
1567.7591364979219
1567.7954665484365
1567.83182163474
1567.8682017476294
1567.9046068778925
1567.941037016307
1567.9774921536414
1568.0139722806543
1568.0504773880944
1568.0870074667007
1568.1235625072027
1568.16014250032
1568.1967474367627
1568.2333773072312
1568.2700321024158
1568.3067118129973
1568.3434164296466
1568.3801459430251
1568.4169003437844
1568.4536796225661
1568.4904837700021
1568.5273127767148
1568.5641666333167
1568.6010453304104
1568.6379488585887
1568.6748772084347
1568.7118303705217
1568.7488083354133
1568.7858110936631
1568.822838635815
1568.8598909524032
1568.896968033952
1568.9340698709755
1568.9711964539786
1569.0083477734559
1569.0455238198922
1569.0827245837625
1569.1199500555322
1569.1572002256567
1569.1944750845814
1569.231774622742
1569.2690988305642
1569.306447698464
1569.343821216847
1569.3812193761096
1569.4186421666382
1569.4560895788088
1569.493561602988
1569.5310582295322
1569.5685794487881
1569.6061252510924
1569.643695626772
1569.6812905661432
1569.7189100595133
1569.756554097179
1569.7942226694279
1569.8319157665364
1569.8696333787718
1569.9073754963913
1569.9451421096421
1569.9829332087616
1570.0207487839766
1570.0585888255046
1570.096453323553
1570.1343422683192
1570.1722556499901
1570.2101934587433
1570.248155684746
1570.2861423181555
1570.3241533491191
1570.362188767774
1570.400248564247
1570.438332728656
1570.4764412511079
1570.5145741216998
1570.5527313305188
1570.5909128676417
1570.629118723136
1570.667348887058
1570.705603349455
1570.7438821003634
1570.78218512981
1570.8205124278115
1570.8588639843745
1570.8972397894952
1570.9356398331602
1570.9740641053454
1571.0125125960171
1571.0509852951313
1571.089482192634
1571.128003278461
1571.1665485425376
1571.2051179747796
1571.2437115650923
1571.282329303371
1571.3209711795005
1571.3596371833562
1571.3983273048025
1571.4370415336941
1571.4757798598753
1571.5145422731805
1571.553328763434
1571.5921393204492
1571.6309739340302
1571.6698325939703
1571.708715290053
1571.7476220120514
1571.7865527497281
1571.8255074928363
1571.8644862311182
1571.903488954306
1571.942515652122
1571.9815663142774
1572.020640930474
1572.0597394904032
1572.098861983746
1572.138008400173
1572.177178729345
1572.2163729609124
1572.255591084515
1572.294833089782
1572.3340989663334
1572.3733887037781
1572.4127022917153
1572.452039719733
1572.4914009774097
1572.5307860543137
1572.5701949400022
1572.6096276240226
1572.6490840959118
1572.6885643451965
1572.7280683613933
1572.7675961340078
1572.807147652536
1572.8467229064631
1572.8863218852637
1572.9259445784028
1572.9655909753344
1573.0052610655025
1573.0449548383403
1573.0846722832712
1573.1244133897078
1573.1641781470526
1573.2039665446973
1573.2437785720233
1573.283614218402
1573.3234734731939
1573.3633563257497
1573.403262765409
1573.4431927815012
1573.4831463633457
1573.5231235002507
1573.5631241815142
1573.6031483964246
1573.6431961342585
1573.6832673842828
1573.7233621357539
1573.763480377918
1573.8036221000102
1573.8437872912555
1573.8839759408684
1573.9241880380525
1573.9644235720016
1574.0046825318987
1574.0449649069162
1574.085270686216
1574.1255998589497
1574.165952414258
1574.2063283412715
1574.24672762911
1574.2871502668827
1574.3275962436885
1574.368065548616
1574.4085581707423
1574.449074099135
1574.4896133228506
1574.5301758309354
1574.5707616124243
1574.6113706563428
1574.652002951705
1574.6926584875146
1574.7333372527646
1574.7740392364378
1574.8147644275061
1574.8555128149308
1574.8962843876625
1574.9370791346416
1574.9778970447976
1575.0187381070493
1575.059602310305
1575.1004896434624
1575.1414000954082
1575.182333655019
1575.2232903111606
1575.2642700526878
1575.3052728684452
1575.346298747266
1575.3873476779738
1575.4284196493807
1575.4695146502884
1575.510632669488
1575.5517736957595
1575.592937717873
1575.6341247245869
1575.6753347046497
1575.716567646799
1575.7578235397611
1575.7991023722527
1575.8404041329788
1575.881728810634
1575.9230763939022
1575.9644468714566
1576.0058402319596
1576.0472564640627
1576.0886955564067
1576.130157497622
1576.1716422763275
1576.213149881132
1576.2546803006333
1576.2962335234186
1576.3378095380638
1576.3794083331345
1576.4210298971852
1576.46267421876
1576.5043412863915
1576.5460310886024
1576.5877436139035
1576.629478850796
1576.6712367877694
1576.7130174133024
1576.7548207158634
1576.7966466839096
1576.8384953058871
1576.8803665702317
1576.9222604653678
1576.9641769797097
1577.00611610166
1577.0480778196106
1577.090062121943
1577.1320689970275
1577.1740984332234
1577.2161504188794
1577.2582249423328
1577.3003219919108
1577.3424415559286
1577.3845836226915
1577.4267481804936
1577.4689352176179
1577.5111447223364
1577.5533766829105
1577.5956310875902
1577.6379079246149
1577.680207182213
1577.7225288486022
1577.7648729119885
1577.8072393605678
1577.8496281825244
1577.892039366032
1577.9344728992528
1577.9769287703389
1578.0194069674308
1578.0619074786578
1578.1044302921389
1578.1469753959816
1578.1895427782824
1578.232132427127
1578.2747443305898
1578.3173784767346
1578.3600348536138
1578.402713449269
1578.4454142517304
1578.4881372490177
1578.5308824291392
1578.5736497800922
1578.6164392898627
1578.659250946426
1578.7020847377464
1578.7449406517767
1578.787818676459
1578.8307187997243
1578.8736410094923
1578.916585293672
1578.9595516401605
1579.0025400368445
1579.0455504715994
1579.0885829322897
1579.131637406768
1579.174713882877
1579.2178123484473
1579.2609327912987
1579.3040751992398
1579.3472395600681
1579.3904258615703
1579.4336340915213
1579.476864237685
1579.5201162878145
1579.5633902296515
1579.6066860509268
1579.6500037393591
1579.6933432826575
1579.736704668518
1579.7800878846272
1579.8234929186592
1579.8669197582778
1579.9103683911349
1579.9538388048718
1579.997330987118
1580.0408449254921
1580.0843806076016
1580.1279380210426
1580.1715171534
1580.215117992247
1580.2587405251465
1580.3023847396494
1580.3460506232955
1580.3897381636134
1580.4334473481206
1580.4771781643233
1580.5209305997157
1580.564704641782
1580.6085002779944
1580.6523174958133
1580.696156282689
1580.7400166260593
1580.7838985133515
1580.8278019319814
1580.8717268693533
1580.9156733128605
1580.9596412498845
1581.003630667796
1581.047641553954
1581.0916738957064
1581.1357276803897
1581.1798028953287
1581.2238995278376
1581.2680175652183
1581.312156994762
1581.3563178037484
1581.400499979446
1581.4447035091114
1581.48892837999
1581.5331745793164
1581.577442094313
1581.6217309121914
1581.6660410201514
1581.7103724053816
1581.754725055059
1581.7990989563496
1581.8434940964075
1581.8879104623757
1581.9323480413855
1581.976806820557
1582.0212867869989
1582.065787927808
1582.1103102300704
1582.15485368086
1582.1994182672397
1582.2440039762607
1582.2886107949632
1582.333238710375
1582.3778877095137
1582.4225577793843
1582.4672489069806
1582.5119610792851
1582.556694283269
1582.6014485058915
1582.6462237341007
1582.6910199548327
1582.7358371550126
1582.7806753215539
1582.8255344413583
1582.8704145013162
1582.9153154883065
1582.9602373891962
1583.0051801908412
1583.0501438800857
1583.0951284437622
1583.1401338686917
1583.1851601416838
1583.2302072495365
1583.2752751790363
1583.3203639169576
1583.3654734500637
1583.4106037651063
1583.4557548488256
1583.5009266879497
1583.5461192691957
1583.5913325792687
1583.6365666048623
1583.6818213326585
1583.7270967493275
1583.7723928415285
1583.8177095959084
1583.8630469991026
1583.908405037735
1583.953783698418
1583.9991829677522
1584.0446028323263
1584.0900432787175
1584.1355042934917
1584.1809858632025
1584.2264879743927
1584.2720106135926
1584.317553767321
1584.3631174220852
1584.4087015643809
1584.454306180692
1584.4999312574903
1584.5455767812366
1584.5912427383796
1584.6369291153562
1584.682635898592
1584.7283630745003
1584.7741106294834
1584.8198785499312
1584.865666822222
1584.9114754327225
1584.9573043677879
1585.0031536137612
1585.049023156974
1585.0949129837459
1585.1408230803847
1585.1867534331868
1585.2327040284365
1585.2786748524063
1585.324665891357
1585.370677131538
1585.4167085591864
1585.4627601605275
1585.5088319217753
1585.5549238291312
1585.6010358687859
1585.6471680269171
1585.6933202896917
1585.739492643264
1585.785685073777
1585.8318975673615
1585.8781301101367
1585.9243826882098
1585.9706552876767
1586.0169478946207
1586.0632604951134
1586.109593075215
1586.1559456209734
1586.202318118425
1586.248710553594
1586.295122912493
1586.3415551811224
1586.3880073454707
1586.4344793915147
1586.48097130522
1586.527483072539
1586.574014679413
1586.620566111771
1586.6671373555305
1586.713728396597
1586.7603392208637
1586.8069698142124
1586.8536201625127
1586.9002902516222
1586.9469800673867
1586.99368959564
1587.0404188222042
1587.087167732889
1587.1339363134923
1587.1807245498005
1587.2275324275874
1587.2743599326152
1587.3212070506338
1587.368073767382
1587.4149600685853
1587.4618659399582
1587.508791367203
1587.5557363360097
1587.6027008320566
1587.6496848410102
1587.6966883485245
1587.7437113402416
1587.7907538017919
1587.8378157187933
1587.8848970768522
1587.9319978615629
1587.9791180585073
1588.026257653256
1588.0734166313664
1588.1205949783846
1588.1677926798448
1588.2150097212686
1588.2622460881662
1588.3095017660353
1588.3567767403615
1588.4040709966189
1588.4513845202684
1588.49871729676
1588.5460693115313
1588.593440550007
1588.640830997601
1588.688240639714
1588.7356694617354
1588.7831174490423
1588.8305845869993
1588.8780708609593
1588.9255762562627
1588.9731007582382
1589.0206443522022
1589.068207023459
1589.115788757301
1589.163389539008
1589.2110093538477
1589.2586481870762
1589.306306023937
1589.3539828496614
1589.4016786494687
1589.4493934085663
1589.497127112149
1589.5448797453996
1589.5926512934889
1589.640441741575
1589.6882510748044
1589.736079278311
1589.7839263372173
1589.8317922366323
1589.879676961654
1589.9275804973677
1589.9755028288464
1590.023443941151
1590.0714038193303
1590.1193824484205
1590.1673798134464
1590.2153958994195
1590.26343069134
1590.3114841741954
1590.359556332961
1590.4076471526
1590.4557566180633
1590.5038847142894
1590.5520314262046
1590.6001967387233
1590.648380636747
1590.696583105166
1590.7448041288567
1590.7930436926847
1590.8413017815028
1590.8895783801515
1590.937873473459
1590.986187046241
1591.0345190833013
1591.0828695694313
1591.13123848941
1591.1796258280042
1591.2280315699686
1591.276455700045
1591.3248982029634
1591.3733590634413
1591.4218382661838
1591.4703357958838
1591.5188516372218
1591.5673857748661
1591.6159381934726
1591.6645088776847
1591.7130978121338
1591.7617049814387
1591.8103303702057
1591.858973963029
1591.9076357444903
1591.956315699159
1592.0050138115923
1592.0537300663348
1592.1024644479187
1592.151216940864
1592.1999875296783
1592.2487761988568
1592.2975829328823
1592.3464077162248
1592.3952505333423
1592.4441113686808
1592.492990206673
1592.54188703174
1592.5908018282903
1592.6397345807193
1592.6886852734108
1592.737653890736
1592.7866404170534
1592.8356448367092
1592.8846671340373
1592.9337072933592
1592.9827652989836
1593.031841135207
1593.0809347863137
1593.130046236575
1593.17917547025
1593.2283224715852
1593.277487224815
1593.3266697141614
1593.3758699238335
1593.425087838028
1593.4743234409293
1593.5235767167094
1593.5728476495274
1593.6221362235303
1593.6714424228524
1593.7207662316155
1593.770107633929
1593.81946661389
1593.8688431555827
1593.9182372430791
1593.9676488604384
1594.0170779917078
1594.0665246209212
1594.1159887321005
1594.1654703092552
1594.2149693363817
1594.2644857974644
1594.314019676475
1594.3635709573725
1594.4131396241037
1594.4627256606025
1594.5123290507902
1594.561949778576
1594.6115878278565
1594.6612431825151
1594.7109158264234
1594.7606057434398
1594.8103129174108
1594.8600373321697
1594.9097789715374
1594.9595378193226
1595.0093138593209
1595.0591070753153
1595.1089174510769
1595.1587449703634
1595.2085896169206
1595.258451374481
1595.3083302267648
1595.35822615748
1595.4081391503214
1595.4580691889714
1595.5080162571
1595.5579803383641
1595.6079614164082
1595.6579594748646
1595.7079744973523
1595.758006467478
1595.808055368836
1595.8581211850073
1595.908203899561
1595.9583034960528
1596.0084199580265
1596.058553269013
1596.1087034125298
1596.1588703720831
1596.2090541311654
1596.2592546732571
1596.3094719818255
1596.3597060403251
1596.4099568321985
1596.4602243408751
1596.5105085497719
1596.5608094422926
1596.6111270018287
1596.6614612117592
1596.7118120554499
1596.7621795162543
1596.812563577513
1596.8629642225537
1596.9133814346922
1596.9638151972306
1597.0142654934587
1597.064732306654
1597.1152156200806
1597.1657154169902
1597.2162316806218
1597.2667643942016
1597.3173135409431
1597.3678791040472
1597.4184610667019
1597.4690594120823
1597.5196741233513
1597.5703051836583
1597.6209525761406
1597.6716162839225
1597.7222962901158
1597.772992577819
1597.8237051301182
1597.874433930087
1597.9251789607854
1597.9759402052616
1598.0267176465504
1598.077511267674
1598.128321051642
1598.179146981451
1598.2299890400848
1598.2808472105148
1598.3317214756994
1598.3826118185837
1598.4335182221007
1598.4844406691702
1598.5353791426996
1598.5863336255832
1598.6373041007023
1598.688290550926
1598.73929295911
1598.7903113080972
1598.8413455807186
1598.892395759791
1598.9434618281196
1598.9945437684962
1599.0456415636995
1599.0967551964961
1599.147884649639
1599.1990299058693
1599.2501909479145
1599.3013677584893
1599.3525603202959
1599.4037686160232
1599.454992628348
1599.5062323399336
1599.5574877334304
1599.6087587914767
1599.6600454966972
1599.7113478317042
1599.7626657790966
1599.8139993214609
1599.8653484413708
1599.9167131213867
1599.9680933440563
1600.019489091915
1600.0709003474842
1600.1223270932735
1600.1737693117789
1600.225226985484
1600.276700096859
1600.328188628362
1600.3796925624374
1600.431211881517
1600.4827465680196
1600.5342966043518
1600.5858619729063
1600.6374426560633
1600.6890386361904
1600.7406498956418
1600.7922764167593
1600.8439181818712
1600.8955751732933
1600.9472473733285
1600.9989347642666
1601.0506373283845
1601.1023550479463
1601.154087905203
1601.2058358823926
1601.257598961741
1601.30937712546
1601.3611703557492
1601.4129786347949
1601.4648019447704
1601.5166402678367
1601.5684935861414
1601.6203618818188
1601.672245136991
1601.7241433337665
1601.7760564542414
1601.8279844804983
1601.8799273946074
1601.9318851786256
1601.983857814597
1602.0358452845526
1602.0878475705101
1602.139864654475
1602.1918965184395
1602.2439431443827
1602.2960045142706
1602.348080610057
1602.4001714136816
1602.452276907072
1602.5043970721424
1602.5565318907943
1602.6086813449158
1602.6608454163822
1602.713024087056
1602.765217338787
1602.8174251534106
1602.869647512751
1602.9218843986184
1602.9741357928103
1603.0264016771112
1603.078682033292
1603.1309768431115
1603.183286088315
1603.235609750635
1603.2879478117907
1603.3403002534887
1603.3926670574224
1603.4450482052716
1603.4974436787043
1603.5498534593744
1603.6022775289234
1603.6547158689798
1603.7071684611585
1603.7596352870619
1603.812116328279
1603.8646115663862
1603.9171209829465
1603.9696445595102
1604.0221822776143
1604.0747341187828
1604.1273000645267
1604.179880096344
1604.23247419572
1604.2850823441263
1604.3377045230216
1604.3903407138519
1604.4429908980499
1604.4956550570353
1604.548333172215
1604.6010252249825
1604.6537311967184
1604.70645106879
1604.7591848225522
1604.8119324393463
1604.8646939005005
1604.91746918733
1604.9702582811371
1605.0230611632112
1605.0758778148281
1605.128708217251
1605.1815523517298
1605.2344101995016
1605.2872817417901
1605.340166959806
1605.3930658347474
1605.4459783477985
1605.498904480131
1605.5518442129032
1605.6047975272609
1605.6577644043361
1605.7107448252482
1605.7637387711034
1605.8167462229947
1605.8697671620018
1605.9228015691922
1605.9758494256193
1606.028910712324
1606.0819854103338
1606.1350735006633
1606.1881749643142
1606.2412897822746
1606.2944179355202
1606.3475594050128
1606.4007141717013
1606.4538822165223
1606.507063520398
1606.560258064239
1606.6134658289416
1606.6666867953893
1606.7199209444527
1606.773168256989
1606.826428713843
1606.8797022958454
1606.9329889838143
1606.986288758555
1607.0396016008594
1607.0929274915059
1607.1462664112603
1607.1996183408753
1607.2529832610903
1607.3063611526313
1607.3597519962116
1607.4131557725316
1607.4665724622778
1607.5200020461245
1607.5734445047324
1607.6268998187488
1607.6803679688082
1607.7338489355323
1607.787342699529
1607.8408492413937
1607.8943685417084
1607.947900581042
1608.0014453399501
1608.0550027989755
1608.1085729386475
1608.1621557394828
1608.2157511819846
1608.269359246643
1608.3229799139351
1608.3766131643245
1608.4302589782621
1608.4839173361856
1608.5375882185192
1608.5912716056746
1608.64496747805
1608.6986758160301
1608.7523965999874
1608.8061298102805
1608.859875427255
1608.9136334312436
1608.9674038025657
1609.0211865215276
1609.0749815684223
1609.1287889235302
1609.182608567118
1609.2364404794394
1609.2902846407346
1609.3441410312319
1609.398009631145
1609.4518904206752
1609.5057833800108
1609.5596884893264
1609.6136057287838
1609.6675350785317
1609.7214765187057
1609.775430029428
1609.829395590808
1609.8833731829416
1609.9373627859118
1609.9913643797884
1610.0453779446277
1610.0994034604737
1610.1534409073565
1610.2074902652935
1610.2615515142884
1610.3156246343324
1610.3697096054032
1610.4238064074652
1610.4779150204702
1610.5320354243563
1610.586167599049
1610.6403115244602
1610.6944671804888
1610.7486345470204
1610.802813603928
1610.8570043310706
1610.9112067082951
1610.9654207154342
1611.0196463323082
1611.073883538724
1611.1281323144751
1611.1823926393424
1611.2366644930933
1611.290947855482
1611.3452427062498
1611.3995490251245
1611.4538667918212
1611.5081959860415
1611.5625365874744
1611.6168885757947
1611.6712519306652
1611.725626631735
1611.7800126586396
1611.8344099910025
1611.8888186084332
1611.9432384905283
1611.9976696168715
1612.0521119670327
1612.1065655205693
1612.1610302570255
1612.2155061559317
1612.2699931968061
1612.324491359153
1612.3790006224638
1612.433520966217
1612.488052369878
1612.5425948128984
1612.5971482747177
1612.651712734761
1612.7062881724414
1612.7608745671582
1612.8154718982978
1612.8700801452333
1612.9246992873248
1612.9793293039195
1613.033970174351
1613.08862187794
1613.1432843939942
1613.197957701808
1613.2526417806625
1613.307336609826
1613.3620421685534
1613.4167584360869
1613.4714853916546
1613.5262230144726
1613.5809712837433
1613.6357301786563
1613.6904996783878
1613.7452797621006
1613.800070408945
1613.8548715980578
1613.9096833085625
1613.9645055195701
1614.019338210178
1614.0741813594705
1614.1290349465187
1614.183898950381
1614.2387733501025
1614.293658124715
1614.3485532532372
1614.403458714675
1614.4583744880208
1614.5133005522541
1614.568236886341
1614.623183469235
1614.678140279876
1614.7331072971913
1614.7880845000946
1614.8430718674865
1614.8980693782548
1614.9530770112742
1615.008094745406
1615.0631225594987
1615.1181604323874
1615.1732083428944
1615.2282662698287
1615.2833341919863
1615.33841208815
1615.3934999370897
1615.4485977175618
1615.5037054083102
1615.5588229880652
1615.6139504355442
1615.6690877294516
1615.7242348484785
1615.7793917713032
1615.8345584765902
1615.8897349429922
1615.9449211491474
1616.0001170736818
1616.0553226952086
1616.1105379923267
1616.1657629436231
1616.220997527671
1616.2762417230308
1616.33149550825
1616.3867588618632
1616.442031762391
1616.4973141883418
1616.5526061182104
1616.607907530479
1616.6632184036164
1616.7185387160785
1616.7738684463081
1616.829207572735
1616.8845560737757
1616.939913927834
1616.9952811133003
1617.050657608552
1617.106043391954
1617.1614384418574
1617.2168427366005
1617.2722562545089
1617.3276789738945
1617.383110873057
1617.438551930282
1617.4940021238433
1617.5494614320007
1617.6049298330013
1617.660407305079
1617.715893826455
1617.7713893753373
1617.8268939299207
1617.8824074683876
1617.9379299689062
1617.9934614096328
1618.0490017687105
1618.1045510242689
1618.1601091544248
1618.2156761372821
1618.2712519509316
1618.3268365734511
1618.3824299829055
1618.4380321573465
1618.4936430748128
1618.5492627133303
1618.6048910509119
1618.6605280655572
1618.716173735253
1618.7718280379736
1618.8274909516792
1618.8831624543182
1618.938842523825
1618.9945311381218
1619.0502282751174
1619.1059339127078
1619.1616480287757
1619.217370601191
1619.2731016078112
1619.32884102648
1619.3845888350284
1619.4403450112748
1619.496109533024
1619.5518823780685
1619.6076635241873
1619.6634529491469
1619.7192506307003
1619.7750565465883
1619.830870674538
1619.886692992264
1619.942523477468
1619.9983621078384
1620.0542088610507
1620.110063714768
1620.1659266466402
1620.2217976343038
1620.2776766553832
1620.333563687489
1620.3894587082195
1620.44536169516
1620.5012726258828
1620.5571914779473
1620.6131182288998
1620.669052856274
1620.7249953375906
1620.7809456503571
1620.8369037720688
1620.8928696802077
1620.9488433522424
1621.0048247656296
1621.0608138978123
1621.116810726221
1621.1728152282733
1621.228827381374
1621.2848471629147
1621.3408745502745
1621.3969095208195
1621.452952051903
1621.509002120865
1621.5650597050335
1621.6211247817228
1621.6771973282346
1621.7332773218582
1621.7893647398694
1621.8454595595315
1621.901561758095
1621.9576713127976
1622.013788200864
1622.0699123995062
1622.126043885923
1622.1821826373011
1622.2383286308138
1622.2944818436217
1622.3506422528726
1622.4068098357018
1622.4629845692314
1622.5191664305705
1622.5753553968163
1622.6315514450523
1622.6877545523496
1622.7439646957664
1622.8001818523483
1622.8564059991281
1622.9126371131256
1622.968875171348
1623.0251201507897
1623.0813720284323
1623.1376307812445
1623.1938963861826
1623.2501688201899
1623.306448060197
1623.362734083122
1623.4190268658697
1623.4753263853327
1623.5316326183904
1623.58794554191
1623.6442651327454
1623.700591367738
1623.7569242237169
1623.8132636774978
1623.8696097058842
1623.9259622856666
1623.9823213936231
1624.0386870065186
1624.0950591011056
1624.1514376541243
1624.2078226423014
1624.2642140423513
1624.320611830976
1624.3770159848648
1624.433426480694
1624.489843295127
1624.5462664048152
1624.602695786397
1624.659131416498
1624.7155732717313
1624.7720213286975
1624.8284755639847
1624.8849359541678
1624.9414024758094
1624.9978751054593
1625.054353819655
1625.110838594921
1625.1673294077696
1625.2238262347
1625.2803290521992
1625.3368378367413
1625.3933525647883
1625.4498732127888
1625.5063997571795
1625.5629321743843
1625.6194704408147
1625.676014532869
1625.7325644269335
1625.7891200993818
1625.845681526575
1625.9022486848614
1625.958821550577
1626.0154001000456
1626.0719843095771
1626.1285741554707
1626.1851696140118
1626.2417706614733
1626.2983772741163
1626.354989428189
1626.4116070999266
1626.4682302655526
1626.5248589012779
1626.5814929833002
1626.6381324878053
1626.6947773909662
1626.751427668944
1626.8080832978865
1626.8647442539295
1626.9214105131964
1626.9780820517979
1627.0347588458324
1627.0914408713857
1627.1481281045312
1627.2048205213298
1627.26151809783
1627.3182208100682
1627.3749286340676
1627.4316415458397
1627.4883595213835
1627.5450825366854
1627.6018105677192
1627.6585435904465
1627.7152815808165
1627.7720245147661
1627.82877236822
1627.8855251170896
1627.942282737275
1627.9990452046634
1628.0558124951297
1628.1125845845363
1628.1693614487338
1628.2261430635597
1628.2829294048397
1628.339720448387
1628.3965161700023
1628.4533165454743
1628.510121550579
1628.5669311610804
1628.62374535273
1628.6805641012672
1628.7373873824188
1628.7942151718996
1628.851047445412
1628.9078841786459
1628.9647253472792
1629.0215709269778
1629.0784208933944
1629.1352752221705
1629.1921338889347
1629.2489968693035
1629.3058641388814
1629.3627356732602
1629.4196114480199
1629.4764914387279
1629.5333756209398
1629.5902639701987
1629.6471564620356
1629.7040530719692
1629.760953775506
1629.8178585481405
1629.874767365355
1629.9316802026194
1629.9885970353916
1630.0455178391173
1630.1024425892301
1630.1593712611514
1630.2163038302904
1630.2732402720442
1630.3301805617978
1630.387124674924
1630.4440725867837
1630.5010242727253
1630.5579797080854
1630.6149388681886
1630.6719017283472
1630.7288682638612
1630.785838450019
1630.8428122620967
1630.8997896753583
1630.9567706650555
1631.0137552064286
1631.0707432747051
1631.1277348451013
1631.1847298928205
1631.2417283930547
1631.2987303209836
1631.355735651775
1631.4127443605842
1631.469756422555
1631.5267718128198
1631.5837905064977
1631.6408124786967
1631.6978377045125
1631.7548661590288
1631.8118978173177
1631.8689326544388
1631.9259706454404
1631.9830117653582
1632.0400559892166
1632.0971032920277
1632.1541536487914
1632.2112070344963
1632.2682634241187
1632.3253227926234
1632.3823851149627
1632.4394503660774
1632.4965185208966
1632.5535895543373
1632.6106634413045
1632.6677401566915
1632.7248196753796
1632.7819019722388
1632.8389870221265
1632.896074799889
1632.95316528036
1633.0102584383621
1633.067354248706
1633.12445268619
1633.1815537256011
1633.2386573417145
1633.295763509294
1633.3528722030908
1633.4099833978448
1633.4670970682841
1633.5242131891252
1633.5813317350726
1633.6384526808192
1633.6955760010462
1633.7527016704232
1633.8098296636078
1633.8669599552459
1633.924092519972
1633.981227332409
1634.0383643671678
1634.0955035988477
1634.1526450020365
1634.20978855131
1634.2669342212328
1634.3240819863577
1634.3812318212256
1634.4383837003663
1634.4955375982975
1634.5526934895254
1634.609851348545
1634.6670111498393
1634.7241728678798
1634.7813364771264
1634.8385019520276
1634.8956692670204
1634.9528383965298
1635.01000931497
1635.0671819967426
1635.124356416239
1635.1815325478378
1635.238710365907
1635.295889844803
1635.3530709588701
1635.4102536824416
1635.4674379898393
1635.5246238553734
1635.581811253343
1635.6390001580353
1635.6961905437263
1635.7533823846804
1635.8105756551508
1635.8677703293793
1635.924966381596
1635.9821637860198
1636.039362516858
1636.096562548307
1636.1537638545515
1636.2109664097648
1636.268170188109
1636.3253751637346
1636.3825813107812
1636.4397886033767
1636.4969970156376
1636.5542065216696
1636.6114170955668
1636.6686287114119
1636.7258413432762
1636.7830549652203
1636.840269551293
1636.8974850755321
1636.954701511964
1637.0119188346039
1637.0691370174557
1637.1263560345124
1637.1835758597556
1637.2407964671556
1637.2980178306716
1637.3552399242515
1637.412462721832
1637.4696861973391
1637.5269103246872
1637.5841350777796
1637.6413604305085
1637.698586356755
1637.755812830389
1637.8130398252695
1637.870267315244
1637.9274952741498
1637.984723675812
1638.041952494045
1638.0991817026527
1638.156411275427
1638.2136411861497
1638.270871408591
1638.3281019165097
1638.3853326836547
1638.4425636837632
1638.4997948905614
1638.5570262777646
1638.614257819077
1638.6714894881923
1638.7287212587923
1638.785953104549
1638.8431849991227
1638.900416916163
1638.9576488293087
1639.0148807121875
1639.0721125384161
1639.1293442816007
1639.186575915336
1639.243807413207
1639.3010387487864
1639.3582698956368
1639.41550082731
1639.472731517347
1639.5299619392777
1639.5871920666214
1639.6444218728864
1639.7016513315705
1639.7588804161605
1639.8161091001325
1639.8733373569519
1639.9305651600732
1639.9877924829404
1640.0450192989867
1640.1022455816344
1640.159471304295
1640.2166964403698
1640.273920963249
1640.3311448463126
1640.3883680629292
1640.4455905864572
1640.5028123902446
1640.5600334476283
1640.6172537319346
1640.6744732164796
1640.7316918745682
1640.7889096794954
1640.8461266045451
1640.903342622991
1640.9605577080958
1641.0177718331117
1641.074984971281
1641.1321970958352
1641.1894081799946
1641.2466181969698
1641.3038271199605
1641.361034922156
1641.4182415767355
1641.475447056867
1641.5326513357088
1641.5898543864082
1641.6470561821025
1641.704256695918
1641.7614559009714
1641.8186537703684
1641.8758502772046
1641.933045394565
1641.9902390955244
1642.0474313531474
1642.104622140488
1642.1618114305898
1642.2189991964863
1642.2761854112007
1642.3333700477458
1642.3905530791244
1642.4477344783284
1642.50491421834
1642.5620922721312
1642.6192686126633
1642.6764432128875
1642.7336160457455
1642.7907870841675
1642.8479563010746
1642.9051236693774
1642.962289161976
1643.019452751761
1643.0766144116121
1643.1337741143993
1643.1909318329826
1643.2480875402116
1643.305241208926
1643.3623928119553
1643.419542322119
1643.4766897122265
1643.5338349550773
1643.5909780234606
1643.6481188901555
1643.7052575279315
1643.7623939095479
1643.819528007754
1643.8766597952888
1643.9337892448818
1643.9909163292527
1644.0480410211107
1644.1051632931553
1644.1622831180762
1644.219400468553
1644.2765153172556
1644.3336276368439
1644.390737399968
1644.4478445792681
1644.5049491473746
1644.562051076908
1644.6191503404787
1644.676246910688
1644.733340760127
1644.7904318613769
1644.8475201870092
1644.904605709586
1644.9616884016589
1645.0187682357707
1645.0758451844538
1645.132919220231
1645.189990315616
1645.2470584431114
1645.3041235752119
1645.3611856844016
1645.4182447431547
1645.4753007239365
1645.5323535992022
1645.5894033413974
1645.6464499229585
1645.7034933163116
1645.760533493874
1645.817570428053
1645.8746040912465
1645.931634455843
1645.9886614942216
1646.045685178751
1646.1027054817912
1646.159722375693
1646.216735832797
1646.2737458254346
1646.330752325928
1646.3877553065897
1646.444754739723
1646.501750597622
1646.558742852571
1646.6157314768445
1646.6727164427086
1646.7296977224198
1646.786675288225
1646.8436491123618
1646.900619167059
1646.9575854245352
1647.0145478570005
1647.0715064366555
1647.1284611356914
1647.1854119262905
1647.2423587806256
1647.2993016708606
1647.3562405691496
1647.413175447638
1647.470106278462
1647.5270330337487
1647.5839556856156
1647.6408742061717
1647.6977885675165
1647.7546987417406
1647.8116047009255
1647.8685064171432
1647.9254038624572
1647.9822970089217
1648.039185828582
1648.0960702934744
1648.152950375626
1648.2098260470552
1648.2666972797708
1648.3235640457735
1648.3804263170546
1648.4372840655965
1648.4941372633727
1648.5509858823477
1648.6078298944772
1648.6646692717081
1648.7215039859786
1648.7783340092176
1648.8351593133455
1648.8919798702739
1648.9487956519051
1649.0056066301336
1649.062412776844
1649.1192140639128
1649.1760104632076
1649.2328019465876
1649.289588485903
1649.346370052995
1649.4031466196966
1649.4599181578317
1649.5166846392162
1649.5734460356566
1649.6302023189512
1649.6869534608895
1649.7436994332527
1649.800440207813
1649.8571757563345
1649.9139060505722
1649.9706310622732
1650.0273507631757
1650.0840651250091
1650.140774119495
1650.1974777183461
1650.2541758932666
1650.3108686159524
1650.367555858091
1650.4242375913611
1650.4809137874336
1650.5375844179705
1650.594249454626
1650.6509088690455
1650.7075626328658
1650.764210717716
1650.8208530952165
1650.8774897369794
1650.9341206146091
1650.9907456997007
1651.0473649638418
1651.1039783786118
1651.1605859155814
1651.2171875463134
1651.2737832423625
1651.330372975275
1651.386956716589
1651.443534437835
1651.5001061105347
1651.556671706202
1651.6132311963427
1651.6697845524543
1651.7263317460265
1651.7828727485412
1651.8394075314718
1651.8959360662836
1651.9524583244345
1652.0089742773737
1652.0654838965431
1652.1219871533763
1652.1784840192988
1652.2349744657286
1652.291458464075
1652.3479359857408
1652.4044070021196
1652.4608714845976
1652.5173294045537
1652.573780733358
1652.6302254423736
1652.686663502955
1652.7430948864503
1652.7995195641984
1652.8559375075308
1652.912348687772
1652.968753076238
1653.0251506442376
1653.0815413630714
1653.1379252040326
1653.1943021384072
1653.250672137473
1653.3070351725003
1653.3633912147518
1653.419740235483
1653.4760822059413
1653.532417097367
1653.5887448809924
1653.6450655280428
1653.7013790097353
1653.7576852972804
1653.8139843618806
1653.870276174731
1653.9265607070195
1653.9828379299263
1654.0391078146242
1654.0953703322791
1654.151625454049
1654.2078731510849
1654.26411339453
1654.3203461555208
1654.376571405186
1654.4327891146474
1654.4889992550193
1654.545201797409
1654.601396712916
1654.6575839726338
1654.7137635476472
1654.7699354090346
1654.8260995278677
1654.88225587521
1654.9384044221188
1654.9945451396436
1655.0506779988275
1655.1068029707062
1655.162920026308
1655.2190291366546
1655.2751302727606
1655.3312234056339
1655.3873085062744
1655.4433855456762
1655.4994544948258
1655.5555153247033
1655.611568006281
1655.6676125105253
1655.723648808395
1655.7796768708424
1655.835696668813
1655.891708173245
1655.9477113550704
1656.0037061852142
1656.0596926345945
1656.1156706741226
1656.1716402747033
1656.2276014072347
1656.2835540426079
1656.3394981517076
1656.3954337054117
1656.4513606745916
1656.5072790301117
1656.5631887428303
1656.619089783599
1656.6749821232625
1656.7308657326591
1656.7867405826207
1656.8426066439729
1656.898463887534
1656.9543122841164
1657.0101518045265
1657.065982419563
1657.121804100019
1657.1776168166816
1657.2334205403306
1657.2892152417398
1657.345000891677
1657.400777460903
1657.4565449201727
1657.5123032402348
1657.5680523918313
1657.6237923456981
1657.6795230725652
1657.7352445431559
1657.790956728188
1657.8466595983718
1657.9023531244131
1657.9580372770104
1658.0137120268564
1658.0693773446378
1658.125033201035
1658.1806795667226
1658.2363164123688
1658.2919437086357
1658.34756142618
1658.4031695356518
1658.4587680076959
1658.5143568129504
1658.5699359220475
1658.6255053056143
1658.681064934271
1658.7366147786324
1658.7921548093075
1658.8476849968993
1658.9032053120052
1658.9587157252165
1659.014216207119
1659.0697067282924
1659.1251872593111
1659.1806577707432
1659.2361182331515
1659.291568617093
1659.3470088931188
1659.4024390317752
1659.4578590036017
1659.5132687791329
1659.5686683288977
1659.6240576234197
1659.6794366332165
1659.7348053288001
1659.7901636806773
1659.8455116593493
1659.9008492353119
1659.9561763790553
1660.0114930610644
1660.0667992518186
1660.1220949217918
1660.1773800414533
1660.2326545812657
1660.2879185116872
1660.3431718031707
1660.3984144261633
1660.4536463511072
1660.5088675484394
1660.5640779885914
1660.6192776419896
1660.6744664790554
1660.7296444702047
1660.784811585848
1660.8399677963916
1660.8951130722362
1660.950247383777
1661.0053707014044
1661.0604829955043
1661.1155842364567
1661.170674394637
1661.225753440416
1661.2808213441585
1661.3358780762255
1661.3909236069726
1661.44595790675
1661.5009809459036
1661.5559926947744
1661.6109931236983
1661.6659822030067
1661.7209599030261
1661.7759261940778
1661.830881046479
1661.8858244305413
1661.9407563165726
1661.9956766748753
1662.0505854757475
1662.1054826894826
1662.1603682863695
1662.2152422366917
1662.2701045107292
1662.3249550787566
1662.3797939110445
1662.4346209778587
1662.4894362494604
1662.5442396961066
1662.5990312880494
1662.6538109955368
1662.7085787888125
1662.7633346381153
1662.81807851368
1662.8728103857366
1662.9275302245114
1662.9822380002258
1663.0369336830975
1663.091617243339
1663.1462886511597
1663.2009478767638
1663.2555948903519
1663.3102296621198
1663.3648521622595
1663.419462360959
1663.4740602284019
1663.528645734768
1663.5832188502325
1663.637779544967
1663.6923277891387
1663.7468635529112
1663.8013868064438
1663.8558975198919
1663.9103956634065
1663.9648812071355
1664.0193541212222
1664.0738143758067
1664.1282619410244
1664.1826967870074
1664.237118883884
1664.2915282017784
1664.345924710811
1664.4003083810987
1664.4546791827545
1664.5090370858877
1664.563382060604
1664.6177140770053
1664.67203310519
1664.7263391152526
1664.7806320772843
1664.8349119613727
1664.8891787376012
1664.9434323760509
1664.997672846798
1665.0519001199164
1665.1061141654757
1665.1603149535424
1665.2145024541796
1665.2686766374468
1665.3228374734003
1665.376984932093
1665.4311189835742
1665.48523959789
1665.5393467450838
1665.5934403951949
1665.6475205182599
1665.7015870843118
1665.7556400633807
1665.8096794254934
1665.8637051406733
1665.917717178941
1665.971715510314
1666.0257001048062
1666.0796709324293
1666.133627963191
1666.1875711670966
1666.2415005141486
1666.2954159743458
1666.3493175176843
1666.4032051141578
1666.4570787337566
1666.510938346468
1666.5647839222768
1666.6186154311645
1666.6724328431105
1666.7262361280907
1666.7800252560787
1666.833800197045
1666.8875609209579
1666.941307397782
1666.9950395974809
1667.0487574900135
1667.1024610453376
1667.1561502334077
1667.209825024176
1667.263485387592
1667.3171312936029
1667.370762712153
1667.4243796131843
1667.4779819666364
1667.5315697424464
1667.585142910549
1667.6387014408765
1667.6922453033587
1667.7457744679232
1667.7992889044954
1667.8527885829978
1667.9062734733516
1667.959743545475
1668.0131987692841
1668.0666391146929
1668.1200645516133
1668.1734750499545
1668.2268705796246
1668.2802511105285
1668.33361661257
1668.3869670556498
1668.4403024096675
1668.4936226445197
1668.5469277301022
1668.600217636308
1668.6534923330282
1668.7067517901526
1668.759995977568
1668.8132248651602
1668.8664384228134
1668.9196366204092
1668.9728194278275
1669.025986814947
1669.079138751644
1669.1322752077936
1669.1853961532688
1669.2385015579414
1669.2915913916806
1669.3446656243552
1669.3977242258316
1669.4507671659746
1669.5037944146482
1669.5568059417135
1669.6098017170314
1669.662781710461
1669.7157458918596
1669.7686942310834
1669.8216266979866
1669.874543262423
1669.927443894244
1669.9803285633006
1670.033197239442
1670.0860498925158
1670.138886492369
1670.1917070088468
1670.2445114117936
1670.2972996710525
1670.3500717564655
1670.4028276378733
1670.4555672851154
1670.5082906680307
1670.5609977564563
1670.613688520229
1670.666362929184
1670.719020953156
1670.7716625619782
1670.8242877254838
1670.8768964135038
1670.9294885958693
1670.9820642424102
1671.0346233229554
1671.0871658073331
1671.1396916653712
1671.192200866896
1671.2446933817334
1671.297169179709
1671.3496282306473
1671.4020705043722
1671.454495970707
1671.5069045994744
1671.5592963604963
1671.6116712235944
1671.6640291585898
1671.7163701353027
1671.7686941235534
1671.8210010931612
1671.8732910139452
1671.9255638557245
1671.9778195883168
1672.0300581815407
1672.0822796052137
1672.134483829153
1672.1866708231757
1672.2388405570987
1672.2909930007384
1672.3431281239114
1672.3952458964338
1672.4473462881217
1672.499429268791
1672.5514948082575
1672.603542876337
1672.6555734428457
1672.7075864775986
1672.7595819504118
1672.811559831101
1672.8635200894819
1672.9154626953705
1672.9673876185827
1673.0192948289348
1673.071184296243
1673.1230559903238
1673.174909880994
1673.2267459380703
1673.27856413137
1673.330364430711
1673.3821468059105
1673.433911226787
1673.485657663159
1673.5373860848454
1673.5890964616656
1673.6407887634393
1673.692462959987
1673.7441190211293
1673.7957569166877
1673.8473766164839
1673.8989780903405
1673.9505613080805
1674.0021262395276
1674.0536728545062
1674.1052011228414
1674.156711014359
1674.2082024988852
1674.2596755462478
1674.3111301262743
1674.362566208794
1674.4139837636367
1674.4653827606328
1674.516763169614
1674.5681249604127
1674.6194681028621
1674.6707925667968
1674.722098322052
1674.7733853384645
1674.8246535858716
1674.8759030341118
1674.9271336530248
1674.9783454124517
1675.0295382822344
1675.080712232216
1675.1318672322411
1675.1830032521552
1675.2341202618056
1675.2852182310403
1675.3362971297088
1675.3873569276623
1675.438397594753
1675.489419100835
1675.5404214157631
1675.5914045093944
1675.6423683515866
1675.6933129121999
1675.7442381610952
1675.7951440681352
1675.8460306031845
1675.8968977361094
1675.9477454367773
1675.9985736750577
1676.0493824208218
1676.1001716439423
1676.150941314294
1676.2016914017531
1676.252421876198
1676.303132707509
1676.3538238655676
1676.404495320258
1676.455147041466
1676.5057789990794
1676.556391162988
1676.6069835030833
1676.6575559892594
1676.7081085914124
1676.7586412794399
1676.8091540232422
1676.8596467927214
1676.9101195577823
1676.9605722883314
1677.0110049542775
1677.0614175255319
1677.111809972008
1677.1621822636218
1677.2125343702912
1677.262866261937
1677.313177908482
1677.3634692798514
1677.413740345973
1677.4639910767778
1677.5142214421978
1677.5644314121687
1677.6146209566284
1677.6647900455175
1677.7149386487793
1677.7650667363594
1677.8151742782065
1677.8652612442718
1677.9153276045092
1677.9653733288756
1678.0153983873304
1678.065402749836
1678.1153863863576
1678.1653492668636
1678.2152913613247
1678.2652126397152
1678.3151130720116
1678.3649926281942
1678.4148512782456
1678.464688992152
1678.5145057399027
1678.5643014914897
1678.6140762169082
1678.663829886157
1678.7135624692376
1678.763273936155
1678.8129642569174
1678.8626334015362
1678.912281340026
1678.9619080424056
1679.0115134786959
1679.0610976189216
1679.1106604331114
1679.160201891297
1679.2097219635134
1679.2592206197994
1679.3086978301976
1679.3581535647536
1679.4075877935168
1679.4570004865402
1679.5063916138809
1679.555761145599
1679.6051090517587
1679.6544353024278
1679.703739867678
1679.7530227175846
1679.8022838222269
1679.8515231516883
1679.9007406760554
1679.9499363654195
1679.9991101898752
1680.0482621195213
1680.0973921244606
1680.1465001748
1680.1955862406503
1680.2446502921268
1680.2936922993485
1680.3427122324388
1680.391710061525
1680.4406857567387
1680.4896392882158
1680.5385706260965
1680.5874797405252
1680.6363666016507
1680.685231179626
1680.7340734446086
1680.7828933667606
1680.8316909162481
1680.880466063242
1680.9292187779179
1680.9779490304552
1681.0266567910385
1681.0753420298568
1681.1240047171036
1681.172644822977
1681.22126231768
1681.2698571714204
1681.3184293544105
1681.3669788368672
1681.4155055890126
1681.4640095810735
1681.5124907832812
1681.5609491658724
1681.6093846990882
1681.657797353175
1681.7061870983841
1681.754553904972
1681.8028977431995
1681.8512185833335
1681.8995163956452
1681.947791150411
1681.996042817913
1682.0442713684376
1682.0924767722772
1682.140658999729
1682.1888180210958
1682.2369538066853
1682.2850663268107
1682.3331555517907
1682.3812214519492
1682.4292639976154
1682.4772831591247
1682.5252789068168
1682.5732512110378
1682.621200042139
1682.6691253704773
1682.7170271664152
1682.7649054003207
1682.8127600425678
1682.8605910635358
1682.9083984336098
1682.956182123181
1683.003942102646
1683.0516783424073
1683.0993908128733
1683.1470794844581
1683.194744327582
1683.2423853126706
1683.2900024101564
1683.3375955904771
1683.3851648240766
1683.4327100814053
1683.480231332919
1683.52772854908
1683.5752017003567
1683.6226507572235
1683.6700756901614
1683.7174764696572
1683.7648530662043
1683.812205450302
1683.859533592456
1683.9068374631786
1683.9541170329885
1684.0013722724107
1684.0486031519763
1684.0958096422235
1684.1429917136963
1684.190149336946
1684.23728248253
1684.2843911210123
1684.3314752229635
1684.378534758961
1684.4255696995888
1684.4725800154379
1684.5195656771057
1684.5665266551962
1684.6134629203207
1684.6603744430972
1684.7072611941503
1684.7541231441119
1684.8009602636205
1684.8477725233215
1684.8945598938678
1684.941322345919
1684.9880598501413
1685.0347723772086
1685.081459897802
1685.1281223826095
1685.1747598023258
1685.2213721276537
1685.2679593293026
1685.3145213779894
1685.3610582444385
1685.407569899381
1685.454056313556
1685.5005174577097
1685.546953302596
1685.5933638189756
1685.6397489776175
1685.6861087492978
1685.7324431047998
1685.778752014915
1685.8250354504423
1685.871293382188
1685.9175257809666
1685.9637326175998
1686.009913862917
1686.0560694877558
1686.1021994629614
1686.1483037593866
1686.1943823478923
1686.240435199347
1686.2864622846278
1686.332463574619
1686.3784390402132
1686.4243886523109
1686.4703123818208
1686.5162101996598
1686.5620820767524
1686.6079279840317
1686.6537478924386
1686.6995417729227
1686.7453095964413
1686.7910513339605
1686.836766956454
1686.8824564349045
1686.9281197403027
1686.9737568436476
1687.0193677159468
1687.0649523282163
1687.1105106514806
1687.1560426567728
1687.2015483151345
1687.2470275976157
1687.292480475275
1687.3379069191799
1687.3833069004065
1687.4286803900393
1687.474027359172
1687.5193477789066
1687.5646416203545
1687.609908854635
1687.6551494528771
1687.7003633862184
1687.7455506258054
1687.7907111427935
1687.8358449083469
1687.8809518936393
1687.9260320698531
1687.97108540818
1688.0161118798205
1688.0611114559845
1688.1060841078909
1688.1510298067678
1688.1959485238528
1688.2408402303927
1688.2857048976432
1688.3305424968698
1688.375352999347
1688.4201363763589
1688.4648925991992
1688.5096216391705
1688.5543234675854
1688.5989980557658
1688.6436453750434
1688.688265396759
1688.7328580922635
1688.7774234329172
1688.8219613900899
1688.8664719351616
1688.9109550395215
1688.955410674569
1688.9998388117133
1689.0442394223728
1689.0886124779765
1689.1329579499632
1689.1772758097811
1689.2215660288891
1689.2658285787554
1689.3100634308587
1689.3542705566879
1689.398449927741
1689.4426015155277
1689.4867252915665
1689.5308212273865
1689.574889294527
1689.618929464538
1689.6629417089791
1689.7069259994205
1689.750882307443
1689.7948106046372
1689.8387108626046
1689.8825830529572
1689.926427147317
1689.970243117317
1690.0140309346004
1690.057790570821
1690.1015219976432
1690.1452251867424
1690.188900109804
1690.2325467385247
1690.2761650446114
1690.3197549997824
1690.3633165757662
1690.4068497443027
1690.450354477142
1690.4938307460454
1690.5372785227853
1690.5806977791447
1690.6240884869178
1690.66745061791
1690.7107841439372
1690.7540890368268
1690.7973652684175
1690.8406128105585
1690.8838316351107
1690.927021713946
1690.9701830189476
1691.01331552201
1691.0564191950389
1691.0994940099513
1691.142539938676
1691.1855569531526
1691.2285450253323
1691.271504127178
1691.3144342306643
1691.3573353077766
1691.4002073305123
1691.4430502708803
1691.4858641009014
1691.5286487926076
1691.5714043180428
1691.6141306492632
1691.6568277583356
1691.6994956173394
1691.7421341983654
1691.7847434735168
1691.827323414908
1691.869873994666
1691.9123951849292
1691.954886957848
1691.9973492855852
1692.0397821403155
1692.0821854942258
1692.1245593195144
1692.1669035883926
1692.2092182730837
1692.2515033458228
1692.2937587788574
1692.3359845444475
1692.3781806148652
1692.4203469623951
1692.462483559334
1692.5045903779912
1692.5466673906885
1692.5887145697598
1692.630731887552
1692.672719316424
1692.7146768287478
1692.7566043969073
1692.7985019933
1692.8403695903353
1692.8822071604354
1692.9240146760355
1692.9657921095834
1693.0075394335395
1693.049256620377
1693.0909436425825
1693.132600472655
1693.1742270831066
1693.2158234464623
1693.25738953526
1693.2989253220508
1693.3404307793985
1693.3819058798804
1693.4233505960865
1693.4647649006204
1693.5061487660985
1693.5475021651507
1693.58882507042
1693.6301174545624
1693.6713792902476
1693.7126105501586
1693.7538112069917
1693.7949812334562
1693.8361206022755
1693.877229286186
1693.918307257938
1693.959354490295
1694.0003709560342
1694.0413566279462
1694.0823114788354
1694.1232354815202
1694.164128608832
1694.2049908336162
1694.2458221287322
1694.2866224670531
1694.3273918214654
1694.36813016487
1694.4088374701817
1694.4495137103288
1694.4901588582536
1694.5307728869127
1694.5713557692768
1694.6119074783298
1694.652427987071
1694.6929172685125
1694.7333752956815
1694.7738020416189
1694.8141974793798
1694.8545615820337
1694.8948943226649
1694.9351956743708
1694.975465610264
1695.0157041034715
1695.0559111271343
1695.0960866544083
1695.1362306584633
1695.1763431124841
1695.2164239896697
1695.2564732632338
1695.2964909064049
1695.3364768924257
1695.376431194554
1695.4163537860618
1695.4562446402365
1695.4961037303794
1695.5359310298077
1695.5757265118525
1695.61549014986
1695.6552219171917
1695.6949217872234
1695.7345897333462
1695.7742257289663
1695.8138297475045
1695.8534017623972
1695.8929417470956
1695.932449675066
1695.9719255197895
1696.0113692547632
1696.0507808534987
1696.0901602895235
1696.1295075363796
1696.168822567625
1696.208105356833
1696.2473558775912
1696.286574103504
1696.325760008191
1696.3649135652865
1696.404034748441
1696.4431235313202
1696.4821798876055
1696.521203790994
1696.560195215198
1696.5991541339465
1696.6380805209828
1696.676974350067
1696.7158355949746
1696.7546642294967
1696.7934602274406
1696.8322235626292
1696.8709542089016
1696.9096521401125
1696.9483173301328
1696.9869497528491
1697.0255493821644
1697.0641161919973
1697.1026501562828
1697.1411512489724
1697.1796194440328
1697.2180547154478
1697.2564570372167
1697.2948263833557
1697.3331627278967
1697.3714660448884
1697.4097363083954
1697.4479734924992
1697.4861775712973
1697.5243485189037
1697.562486309449
1697.6005909170804
1697.6386623159613
1697.6767004802718
1697.714705384209
1697.7526770019863
1697.7906153078336
1697.8285202759978
1697.8663918807424
1697.9042300963476
1697.9420348971107
1697.9798062573457
1698.017544151383
1698.0552485535704
1698.092919438273
1698.130556779872
1698.1681605527658
1698.2057307313703
1698.2432672901182
1698.2807702034588
1698.3182394458595
1698.355674991804
1698.3930768157938
1698.430444892347
1698.4677791959996
1698.5050797013043
1698.5423463828315
1698.579579215169
1698.6167781729212
1698.653943230711
1698.6910743631784
1698.7281715449803
1698.765234750792
1698.8022639553053
1698.8392591332308
1698.8762202592957
1698.913147308245
1698.950040254842
1698.9868990738669
1699.0237237401182
1699.0605142284116
1699.0972705135814
1699.1339925704792
1699.1706803739744
1699.2073338989544
1699.2439531203245
1699.2805380130083
1699.3170885519467
1699.3536047120992
1699.3900864684433
1699.4265337959744
1699.462946669706
1699.4993250646698
1699.5356689559158
1699.5719783185118
1699.6082531275445
1699.6444933581183
1699.6806989853562
1699.7168699843994
1699.7530063304077
1699.789107998559
1699.82517496405
1699.8612072020953
1699.8972046879285
1699.9331673968015
1699.969095303985
1700.0049883847678
1700.0408466144581
1700.0766699683822
1700.112458421885
1700.1482119503305
1700.183930529101
1700.2196141335978
1700.2552627392415
1700.290876321471
1700.326454855744
1700.3619983175377
1700.3975066823473
1700.432979925688
1700.4684180230931
1700.5038209501158
1700.5391886823277
1700.5745211953197
1700.609818464702
1700.6450804661038
1700.6803071751735
1700.715498567579
1700.7506546190068
1700.7857753051635
1700.8208606017743
1700.8559104845845
1700.890924929358
1700.9259039118788
1700.9608474079498
1700.9957553933937
1701.0306278440526
1701.0654647357883
1701.100266044482
1701.1350317460344
1701.1697618163662
1701.2044562314175
1701.2391149671482
1701.2737379995378
1701.3083253045859
1701.3428768583115
1701.3773926367533
1701.4118726159707
1701.4463167720419
1701.4807250810659
1701.5150975191611
1701.5494340624664
1701.5837346871401
1701.6179993693606
1701.6522280853271
1701.6864208112584
1701.720577523393
1701.7546981979908
1701.7887828113305
1701.822831339712
1701.856843759455
1701.8908200468995
1701.9247601784061
1701.9586641303556
1701.9925318791493
1702.0263634012088
1702.060158672976
1702.0939176709137
1702.1276403715049
1702.1613267512532
1702.194976786683
1702.2285904543387
1702.262167730786
1702.2957085926107
1702.32921301642
1702.3626809788416
1702.3961124565233
1702.4295074261343
1702.4628658643646
1702.496187747925
1702.529473053547
1702.5627217579836
1702.595933838008
1702.6291092704146
1702.662248032019
1702.6953500996578
1702.7284154501888
1702.7614440604905
1702.7944359074627
1702.8273909680265
1702.860309219124
1702.8931906377186
1702.9260352007952
1702.9588428853597
1702.9916136684394
1703.024347527083
1703.0570444383602
1703.0897043793627
1703.1223273272035
1703.1549132590167
1703.187462151958
1703.2199739832051
1703.2524487299568
1703.2848863694337
1703.317286878878
1703.349650235553
1703.381976416745
1703.4142653997606
1703.4465171619288
1703.4787316806005
1703.5109089331481
1703.5430488969662
1703.5751515494705
1703.6072168680996
1703.6392448303134
1703.6712354135939
1703.703188595445
1703.735104353393
1703.7669826649856
1703.798823507793
1703.8306268594079
1703.8623926974442
1703.8941209995387
1703.92581174335
1703.9574649065594
1703.9890804668698
1704.020658402007
1704.0521986897188
1704.0837013077753
1704.1151662339691
1704.1465934461153
1704.1779829220513
1704.209334639637
1704.240648576755
1704.27192471131
1704.3031630212297
1704.3343634844641
1704.365526078986
1704.3966507827906
1704.4277375738964
1704.4587864303435
1704.4897973301959
1704.5207702515397
1704.5517051724842
1704.5826020711609
1704.613460925725
1704.6442817143538
1704.6750644152482
1704.7058090066316
1704.7365154667502
1704.7671837738742
1704.7978139062957
1704.8284058423303
1704.8589595603166
1704.8894750386169
1704.9199522556157
1704.9503911897216
1704.9807918193655
1705.0111541230026
1705.0414780791104
1705.0717636661905
1705.1020108627672
1705.1322196473886
1705.162389998626
1705.1925218950737
1705.2226153153506
1705.252670238098
1705.2826866419812
1705.3126645056884
1705.3426038079324
1705.372504527449
1705.402366642998
1705.4321901333622
1705.4619749773483
1705.4917211537872
1705.5214286415332
1705.5510974194644
1705.5807274664826
1705.6103187615136
1705.6398712835069
1705.669385011436
1705.6988599242982
1705.728296001115
1705.7576932209315
1705.7870515628174
1705.8163710058657
1705.845651529194
1705.8748931119435
1705.9040957332802
1705.9332593723939
1705.9623840084982
1705.9914696208316
1706.0205161886563
1706.049523691259
1706.078492107951
1706.1074214180671
1706.1363116009672
1706.1651626360351
1706.1939745026796
1706.222747180333
1706.2514806484533
1706.280174886522
1706.3088298740454
1706.3374455905544
1706.3660220156044
1706.3945591287754
1706.4230569096726
1706.4515153379248
1706.4799343931863
1706.508314055136
1706.5366543034772
1706.5649551179388
1706.5932164782735
1706.6214383642591
1706.6496207556986
1706.6777636324198
1706.7058669742753
1706.7339307611426
1706.7619549729243
1706.7899395895479
1706.8178845909663
1706.845789957157
1706.8736556681224
1706.9014817038908
1706.9292680445153
1706.9570146700737
1706.9847215606694
1707.0123886964313
1707.0400160575132
1707.0676036240939
1707.0951513763782
1707.122659294596
1707.150127359002
1707.177555549877
1707.2049438475271
1707.2322922322837
1707.2596006845035
1707.2868691845692
1707.3140977128885
1707.341286249895
1707.3684347760477
1707.3955432718312
1707.4226117177564
1707.4496400943588
1707.4766283822003
1707.5035765618682
1707.530484613976
1707.5573525191624
1707.5841802580924
1707.6109678114565
1707.637715159971
1707.6644222843788
1707.6910891654477
1707.7177157839722
1707.744302120772
1707.770848156694
1707.79735387261
1707.8238192494184
1707.8502442680435
1707.876628909436
1707.9029731545722
1707.929276984455
1707.9555403801135
1707.9817633226023
1708.0079457930035
1708.0340877724243
1708.0601892419988
1708.0862501828874
1708.1122705762764
1708.138250403379
1708.1641896454348
1708.1900882837094
1708.2159462994953
1708.241763674111
1708.267540388902
1708.29327642524
1708.3189717645234
1708.3446263881772
1708.370240277653
1708.3958134144289
1708.42134578001
1708.4468373559275
1708.4722881237403
1708.497698065033
1708.5230671614177
1708.5483953945325
1708.5736827460432
1708.5989291976423
1708.6241347310486
1708.6492993280083
1708.6744229702945
1708.699505639707
1708.724547318073
1708.7495479872462
1708.7745076291076
1708.7994262255652
1708.8243037585544
1708.8491402100371
1708.873935562003
1708.8986897964685
1708.9234028954775
1708.9480748411006
1708.9727056154363
1708.9972952006099
1709.021843578774
1709.0463507321087
1709.0708166428217
1709.0952412931474
1709.1196246653483
1709.1439667417137
1709.1682675045608
1709.1925269362341
1709.2167450191055
1709.2409217355746
1709.2650570680685
1709.2891509990418
1709.3132035109768
1709.337214586383
1709.3611842077983
1709.3851123577876
1709.408999018944
1709.432844173888
1709.4566478052682
1709.4804098957602
1709.5041304280685
1709.5278093849245
1709.5514467490875
1709.5750425033457
1709.5985966305138
1709.6221091134353
1709.6455799349817
1709.6690090780519
1709.6923965255733
1709.7157422605007
1709.739046265818
1709.762308524536
1709.7855290196944
1709.8087077343607
1709.8318446516307
1709.854939754628
1709.877993026505
1709.9010044504419
1709.923974009647
1709.9469016873575
1709.9697874668382
1709.9926313313824
1710.0154332643122
1710.0381932489774
1710.0609112687566
1710.0835873070569
1710.1062213473133
1710.12881337299
1710.1513633675788
1710.173871314601
1710.1963371976058
1710.2187610001708
1710.2411427059026
1710.2634822984364
1710.2857797614358
1710.3080350785933
1710.3302482336298
1710.3524192102952
1710.3745479923678
1710.396634563655
1710.4186789079924
1710.440681009245
1710.4626408513066
1710.4845584180994
1710.5064336935745
1710.5282666617125
1710.5500573065224
1710.571805612042
1710.5935115623386
1710.6151751415077
1710.636796333675
1710.658375122994
1710.6799114936478
1710.7014054298486
1710.7228569158376
1710.7442659358853
1710.7656324742911
1710.7869565153837
1710.808238043521
1710.82947704309
1710.8506734985071
1710.8718273942177
1710.8929387146968
1710.9140074444483
1710.935033568006
1710.9560170699326
1710.9769579348203
1710.9978561472908
1711.018711691995
1711.039524553613
1711.0602947168554
1711.0810221664613
1711.1017068871997
1711.1223488638689
1711.142948081297
1711.1635045243413
1711.1840181778896
1711.204489026858
1711.2249170561934
1711.2453022508716
1711.2656445958987
1711.28594407631
1711.3062006771706
1711.3264143835759
1711.34658518065
1711.3667130535478
1711.3867979874537
1711.406839967582
1711.4268389791769
1711.4467950075118
1711.466708037891
1711.4865780556481
1711.506405046147
1711.526188994781
1711.5459298869741
1711.56562770818
1711.5852824438825
1711.6048940795954
1711.6244626008624
1711.6439879932577
1711.6634702423853
1711.6829093338795
1711.7023052534046
1711.7216579866551
1711.7409675193562
1711.7602338372626
1711.7794569261596
1711.7986367718627
1711.8177733602179
1711.8368666771014
1711.8559167084195
1711.8749234401091
1711.8938868581372
1711.9128069485016
1711.9316836972305
1711.9505170903822
1711.9693071140455
1711.9880537543397
1712.006756997415
1712.0254168294518
1712.0440332366607
1712.0626062052836
1712.0811357215923
1712.0996217718898
1712.118064342509
1712.1364634198142
1712.1548189901998
1712.1731310400912
1712.1913995559446
1712.2096245242462
1712.227805931514
1712.245943764296
1712.2640380091714
1712.2820886527495
1712.3000956816716
1712.3180590826087
1712.3359788422633
1712.3538549473687
1712.3716873846888
1712.389476141019
1712.4072212031854
1712.4249225580445
1712.4425801924845
1712.4601940934242
1712.4777642478136
1712.495290642634
1712.512773264897
1712.5302121016464
1712.5476071399557
1712.5649583669306
1712.5822657697076
1712.5995293354545
1712.6167490513699
1712.6339249046837
1712.6510568826575
1712.6681449725836
1712.6851891617857
1712.7021894376187
1712.719145787469
1712.736058198754
1712.7529266589233
1712.7697511554566
1712.7865316758655
1712.8032682076932
1712.819960738514
1712.8366092559338
1712.85321374759
1712.8697742011511
1712.8862906043173
1712.9027629448206
1712.919191210424
1712.9355753889224
1712.951915468142
1712.9682114359407
1712.984463280208
1713.0006709888653
1713.0168345498648
1713.032953951191
1713.04902918086
1713.0650602269193
1713.0810470774484
1713.0969897205582
1713.112888144392
1713.1287423371239
1713.1445522869603
1713.1603179821393
1713.176039410931
1713.1917165616373
1713.2073494225915
1713.222937982159
1713.2384822287372
1713.2539821507553
1713.2694377366743
1713.2848489749877
1713.30021585422
1713.3155383629282
1713.3308164897014
1713.3460502231605
1713.3612395519583
1713.37638446478
1713.3914849503421
1713.4065409973941
1713.421552594717
1713.436519731124
1713.4514423954604
1713.4663205766037
1713.481154263464
1713.4959434449827
1713.5106881101337
1713.5253882479235
1713.54004384739
1713.5546548976045
1713.5692213876694
1713.58374330672
1713.5982206439235
1713.6126533884799
1713.627041529621
1713.6413850566114
1713.6556839587479
1713.6699382253594
1713.6841478458073
1713.6983128094853
1713.7124331058199
1713.7265087242695
1713.7405396543256
1713.7545258855116
1713.7684674073837
1713.7823642095302
1713.7962162815722
1713.8100236131636
1713.8237861939901
1713.8375040137705
1713.851177062256
1713.8648053292306
1713.878388804511
1713.8919274779455
1713.905421339416
1713.9188703788373
1713.932274586156
1713.9456339513517
1713.958948464437
1713.9722181154568
1713.9854428944889
1713.9986227916436
1714.0117577970643
1714.0248479009272
1714.037893093441
1714.0508933648473
1714.0638487054207
1714.0767591054682
1714.08962455533
1714.102445045379
1714.1152205660212
1714.1279511076953
1714.1406366608726
1714.1532772160579
1714.1658727637885
1714.178423294635
1714.1909287992007
1714.203389268122
1714.2158046920679
1714.228175061741
1714.2405003678766
1714.252780601243
1714.265015752642
1714.2772058129076
1714.2893507729075
1714.3014506235422
1714.3135053557455
1714.3255149604843
1714.3374794287583
1714.3493987516008
1714.3612729200781
1714.3731019252896
1714.384885758368
1714.396624410479
1714.4083178728215
1714.4199661366279
1714.4315691931636
1714.4431270337275
1714.4546396496514
1714.4661070323007
1714.477529173074
1714.4889060634027
1714.5002376947525
1714.5115240586215
1714.5227651465418
1714.5339609500786
1714.5451114608304
1714.556216670429
1714.5672765705397
1714.5782911528613
1714.5892604091262
1714.6001843310999
1714.611062910581
1714.6218961394025
1714.6326840094302
1714.6434265125633
1714.654123640735
1714.6647753859115
1714.6753817400931
1714.685942695313
1714.6964582436385
1714.7069283771698
1714.7173530880411
1714.7277323684204
1714.7380662105088
1714.7483546065412
1714.7585975487862
1714.768795029546
1714.7789470411565
1714.7890535759868
1714.7991146264405
1714.809130184954
1714.8191002439978
1714.8290247960763
1714.838903833727
1714.848737349522
1714.8585253360664
1714.868267785999
1714.877964691993
1714.8876160467546
1714.8972218430245
1714.9067820735768
1714.9162967312195
1714.9257658087943
1714.9351892991765
1714.9445671952758
1714.9538994900354
1714.9631861764324
1714.972427247478
1714.9816226962168
1714.9907725157275
1714.9998766991228
1715.0089352395491
1715.0179481301873
1715.0269153642512
1715.0358369349894
1715.0447128356843
1715.053543059652
1715.0623276002427
1715.0710664508406
1715.079759604864
1715.0884070557647
1715.097008797029
1715.1055648221773
1715.1140751247638
1715.1225396983766
1715.1309585366382
1715.139331633205
1715.1476589817676
1715.15594057605
1715.164176409811
1715.1723664768438
1715.1805107709745
1715.1886092860643
1715.1966620160085
1715.2046689547362
1715.212630096211
1715.2205454344296
1715.2284149634245
1715.236238677261
1715.2440165700398
1715.2517486358945
1715.2594348689936
1715.26707526354
1715.2746698137703
1715.2822185139557
1715.2897213584017
1715.2971783414478
1715.3045894574675
1715.311954700869
1715.3192740660947
1715.3265475476214
1715.33377513996
1715.3409568376553
1715.3480926352872
1715.3551825274697
1715.3622265088504
1715.3692245741122
1715.376176717972
1715.3830829351805
1715.3899432205237
1715.3967575688214
1715.4035259749278
1715.4102484337316
1715.4169249401557
1715.4235554891577
1715.4301400757295
1715.436678694897
1715.4431713417212
1715.449618011297
1715.456018698754
1715.462373399256
1715.4686821080018
1715.474944820224
1715.4811615311899
1715.4873322362014
1715.4934569305944
1715.4995356097402
1715.5055682690438
1715.511554903945
1715.5174955099178
1715.5233900824715
1715.529238617149
1715.5350411095285
1715.540797555222
1715.5465079498765
1715.5521722891735
1715.557790568829
1715.5633627845934
1715.568888932252
1715.5743690076245
1715.579803006565
1715.5851909249627
1715.590532758741
1715.5958285038575
1715.6010781563054
1715.6062817121117
1715.6114391673386
1715.6165505180825
1715.6216157604742
1715.62663489068
1715.6316079049
1715.6365347993694
1715.641415570358
1715.64625021417
1715.6510387271449
1715.6557811056562
1715.660477346112
1715.6651274449557
1715.6697313986651
1715.6742892037528
1715.6788008567657
1715.683266354286
1715.6876856929298
1715.692058869349
1709.47
1702.93
1688.83
1682.19
1666.39
1649.64
1632.81
1615.91
1598.96
1581.97
1564.93
1547.87
1530.78
1513.69
1496.58
1479.48
1462.39
1445.3
1428.24
1411.2
1394.19
1377.21
1360.27
1343.37
1326.52
1309.71
1292.95
1276.24
1259.59
1242.99
1226.44
1209.95
1193.52
1177.14
1160.82
1144.55
1128.33
1112.17
1096.06
1079.99
1063.98
1048
1032.06
1016.17
1000.3
984.465
968.654
952.865
937.092
921.33
905.526
889.584
873.479
857.23
840.837
824.3
807.625
790.813
773.868
756.793
739.589
722.26
704.807
687.234
669.542
651.734
633.813
615.779
597.636
579.386
561.031
542.574
524.016
505.36
486.609
467.765
448.831
429.809
410.703
391.514
372.247
352.905
333.491
314.007
294.46
274.851
255.186
235.473
215.698
195.911
176.05
156.168
136.345
116.234
96.6158
76.3877
56.3358
37.6427
14.7896
2.99408e-40
-0.00247137
-0.00247136
-0.00247136
-0.00247135
-0.00247135
-0.00247135
-0.00247135
-0.00247135
-0.00247136
-0.00247136
-0.00247137
-0.00247137
-0.00247138
-0.00247139
-0.0024714
-0.00247141
-0.00247143
-0.00247144
-0.00247146
-0.00247147
-0.00247148
-0.00247149
-0.0024715
-0.0024715
-0.00247151
-0.00247151
-0.0024715
-0.0024715
-0.00247149
-0.00247147
-0.00247146
-0.00247145
-0.00247143
-0.00247141
-0.00247139
-0.00247137
-0.00247134
-0.00247131
-0.00247128
-5.15002e-12
