0
-3.43089e-05
-4.44968e-08
-0.000917411
-0.00392153
-0.00905189
-0.0163478
-0.025782
-0.0373563
-0.0510736
-0.0669301
-0.0849248
-0.105057
-0.127325
-0.151727
-0.178265
-0.206934
-0.237726
-0.270667
-0.305735
-0.342789
-0.381737
-0.422577
-0.465308
-0.509931
-0.556443
-0.604845
-0.655135
-0.707313
-0.761377
-0.817329
-0.875165
-0.934887
-0.996492
-1.05998
-1.12535
-1.19255
-1.26063
-1.3287
-1.39678
-1.46486
-1.5159152372924611
-1.5669700073975057
-1.618024294278765
-1.669078081899839
-1.7201313542242946
-1.7711840952156646
-1.8222362888374466
-1.8732879190531029
-1.9243389698260585
-1.9753894251197006
-2.026439268897378
-2.077488485122399
-2.128537057758032
-2.179584970767503
-2.230632208113995
-2.2816787537606467
-2.3327245916705532
-2.3837697058067637
-2.4348140801322797
-2.4858576986100562
-2.5369005452029985
-2.5879426038739624
-2.638983858585753
-2.690024293301124
-2.7410638919827766
-2.792102638593357
-2.8431405170954585
-2.8941775114516175
-2.945213605624315
-2.9962487835759735
-3.0472830292689568
-3.098316326665569
-3.149348659728055
-3.2003800124185973
-3.2514103686993145
-3.3024397125322644
-3.353468027879438
-3.404495298702763
-3.455521508964098
-3.5065466426252363
-3.5575706836479024
-3.608593615993751
-3.6596154236243663
-3.7106360905012616
-3.7616556005858777
-3.8126739378395818
-3.8636910862236675
-3.914707029699353
-3.96572175222778
-4.016735237770012
-4.0677474702870375
-4.118758433739763
-4.169768112089015
-4.22077648929554
-4.271783549320002
-4.322789276122982
-4.373793653664976
-4.424796665906397
-4.475798296807571
-4.526798530328736
-4.577797350430043
-4.628794741071554
-4.679790686213243
-4.7307851698149905
-4.781778175836587
-4.832769688237729
-4.883759690978019
-4.9347481680169665
-4.985735103313985
-5.036720480828389
-5.0877042845194
-5.138686498346135
-5.189667106267616
-5.2406460922427645
-5.291623440230398
-5.342599134189234
-5.393573158077883
-5.444545495854857
-5.495516131478558
-5.546485048907283
-5.597452232099222
-5.648417665012457
-5.69938133160496
-5.750343215834595
-5.801303301659112
-5.852261573036151
-5.90321801392324
-5.954172608277791
-6.005125340057101
-6.056076193218353
-6.107025151718613
-6.157972199514828
-6.208917320563827
-6.259860498822319
-6.3108017182468945
-6.361740962794019
-6.412678216420038
-6.463613463081174
-6.514546686733523
-6.565477871333059
-6.6164070008356255
-6.667334059196941
-6.718259030372597
-6.769181898318054
-6.820102646988644
-6.8710212603395675
-6.921937722325893
-6.972852016902556
-7.023764128024359
-7.074674039645968
-7.125581735721916
-7.176487200206597
-7.227390417054269
-7.278291370219051
-7.329190043654924
-7.380086421315726
-7.430980487155155
-7.481872225126768
-7.532761619183978
-7.583648653280053
-7.634533311368118
-7.685415577401151
-7.736295435331983
-7.787172869113299
-7.838047862697632
-7.888920400037367
-7.939790465084741
-7.9906580417918365
-8.041523114110584
-8.092385665992762
-8.143245681389995
-8.194103144253752
-8.244958038535344
-8.295810348185928
-8.3466600571565
-8.397507149397901
-8.44835160886081
-8.499193419495745
-8.550032565253064
-8.600869030082963
-8.651702797935473
-8.70253385276046
-8.75336217850763
-8.804187759126513
-8.855010578566485
-8.905830620776745
-8.956647869706325
-9.00746230930409
-9.058273923518733
-9.109082696298774
-9.159888611592562
-9.21069165334827
-9.261491805513904
-9.31228905203729
-9.363083376866078
-9.41387476394774
-9.464663197229575
-9.515448660658699
-9.566231138182049
-9.617010613746386
-9.667787071298283
-9.718560494784137
-9.769330868150158
-9.820098175342375
-9.87086240030663
-9.921623526988578
-9.972381539333691
-10.023136421287253
-10.073888156794357
-10.12463672979991
-10.175382124248626
-10.226124324085031
-10.27686331325346
-10.327599075698048
-10.378331595362747
-10.429060856191306
-10.47978684212728
-10.530509537114034
-10.58122892509473
-10.631944990012332
-10.682657715809611
-10.733367086429134
-10.784073085813265
-10.834775697904172
-10.885474906643818
-10.936170695973965
-10.986863049836169
-11.03755195217178
-11.088237386921948
-11.13891933802761
-11.189597789429502
-11.240272725068147
-11.29094412888386
-11.341611984816746
-11.392276276806701
-11.442936988793411
-11.493594104716346
-11.544247608514763
-11.594897484127705
-11.645543715494005
-11.696186286552274
-11.74682518124091
-11.797460383498091
-11.84809187726178
-11.898719646469718
-11.94934367505943
-11.999963946968215
-12.050580446133155
-12.101193156491107
-12.151802061978707
-12.202407146532364
-12.253008394088265
-12.303605788582372
-12.354199313950419
-12.40478895412791
-12.455374693050127
-12.505956514652116
-12.5565344028687
-12.607108341634467
-12.657678314883777
-12.708244306550755
-12.758806300569296
-12.809364280873059
-12.859918231395467
-12.91046813606971
-12.961013978828744
-13.011555743605284
-13.062093414331809
-13.11262697494056
-13.163156409363541
-13.21368170153251
-13.264202835378986
-13.31471979483425
-13.365232563829338
-13.415741126295039
-13.466245466161906
-13.516745567360243
-13.567241413820106
-13.61773298947131
-13.66822027824342
-13.718703264065748
-13.769181930867369
-13.819656262577098
-13.870126243123506
-13.92059185643491
-13.971053086439376
-14.021509917064716
-14.07196233223849
-14.122410315888004
-14.172853851940312
-14.223292924322207
-14.273727516960232
-14.324157613780665
-14.374583198709534
-14.425004255672603
-14.475420768595379
-14.525832721403109
-14.57624009802078
-14.626642882373114
-14.677041058384573
-14.727434609979356
-14.7778235210814
-14.828207775614374
-14.878587357501681
-14.928962250666464
-14.979332439031595
-15.029697906519678
-15.08005863705305
-15.130414614553779
-15.180765822943664
-15.231112246144233
-15.281453868076742
-15.331790672662178
-15.382122643821251
-15.432449765474404
-15.4827720215418
-15.53308939594333
-15.58340187259861
-15.633709435426981
-15.684012068347505
-15.734309755278964
-15.78460248013987
-15.83489022684845
-15.885172979322652
-15.935450721480143
-15.985723437238311
-16.035991110514267
-16.08625372522483
-16.136511265286536
-16.186763714615648
-16.237011057128136
-16.28725327673969
-16.33749035736571
-16.387722282921306
-16.43794903732131
-16.488170604480263
-16.53838696831242
-16.588598112731738
-16.63880402165189
-16.689004678986258
-16.739200068647936
-16.789390174549723
-16.839574980604127
-16.88975447072336
-16.939928628819345
-16.9900974388037
-17.040260884587763
-17.090418950082565
-17.140571619198845
-17.190718875847047
-17.240860703937315
-17.29099708737949
-17.341128010083125
-17.391253455957465
-17.441373408911453
-17.491487852853737
-17.541596771692664
-17.591700149336273
-17.641797969692306
-17.6918902166682
-17.741976874171083
-17.792057926107788
-17.842133356384835
-17.89220314890844
-17.942267287584517
-17.992325756318664
-18.042378539016184
-18.09242561958206
-18.142466981920965
-18.19250260993728
-18.24253248753505
-18.292556598618035
-18.342574927089668
-18.392587456853075
-18.442594171811066
-18.492595055866143
-18.54259009292049
-18.592579266875983
-18.642562561634175
-18.692539961096312
-18.742511449163317
-18.792477009735798
-18.842436626714047
-18.89239028399804
-18.942337965487436
-18.992279655081568
-19.042215336679455
-19.092144994179797
-19.142068611480973
-19.191986172481034
-19.24189766107772
-19.291803061168437
-19.341702356650284
-19.391595531420023
-19.441482569374095
-19.491363454408628
-19.541238170419405
-19.5911067013019
-19.640969030951254
-19.690825143262288
-19.740675022129484
-19.790518651447005
-19.84035601510869
-19.890187097008038
-19.940011881038227
-19.989830351092102
-20.03964249106218
-20.08944828484065
-20.13924771631936
-20.189040769389834
-20.238827427943267
-20.288607675870512
-20.33838149706209
-20.3881488754082
-20.437909794798692
-20.48766423912309
-20.537412192270587
-20.58715363813003
-20.63688856058993
-20.686616943538475
-20.736338770863497
-20.7860540264525
-20.835762694192656
-20.885464757970784
-20.935160201673376
-20.984849009186583
-21.034531164396213
-21.084206651187735
-21.133875453446272
-21.183537555056617
-21.23319293990321
-21.282841591870152
-21.332483494841206
-21.382118632699786
-21.431746989328968
-21.481368548611478
-21.530983294429703
-21.58059121066568
-21.630192281201104
-21.679786489917323
-21.729373820695336
-21.77895425741581
-21.828527783959043
-21.878094384205
-21.927654042033296
-21.977206741323194
-22.026752465953606
-22.07629119980311
-22.125822926749915
-22.175347630671897
-22.224865295446566
-22.274375904951093
-22.323879443062292
-22.37337589365663
-22.422865240610218
-22.472347467798816
-22.52182255909783
-22.57129049838232
-22.620751269526988
-22.670204856406173
-22.71965124289387
-22.769090412863722
-22.818522350189014
-22.86794703874267
-22.917364462397266
-22.966774605025016
-23.016177450497786
-23.065572982687073
-23.114961185464026
-23.164342042699438
-23.213715538263735
-23.263081656026994
-23.31244037985893
-23.361791693628902
-23.411135581205905
-23.460472026458575
-23.509801013255192
-23.559122525463675
-23.60843654695158
-23.657743061586103
-23.707042053234087
-23.756333505762
-23.805617403035956
-23.854893728921706
-23.90416246728464
-23.953423601989783
-24.002677116901797
-24.051922995884986
-24.10116122280328
-24.150391781520263
-24.199614655899133
-24.24882982980274
-24.298037287093564
-24.34723701163372
-24.396428987284956
-24.44561319790866
-24.49478962736585
-24.54395825951718
-24.593119078222934
-24.642272067343033
-24.691417210737033
-24.740554492264117
-24.789683895783106
-24.838805405152453
-24.88791900423024
-24.937024676874184
-24.986122406941636
-25.035212178289573
-25.084293974774607
-25.133367780252982
-25.182433578580568
-25.231491353612867
-25.28054108920502
-25.329582769211786
-25.37861637748756
-25.42764189788637
-25.47665931426187
-25.52566861046734
-25.57466977035569
-25.623662777779465
-25.672647616590837
-25.721624270641602
-25.77059272378319
-25.819552959866655
-25.86850496274268
-25.91744871626158
-25.96638420427329
-26.01531141062738
-26.064230319173046
-26.113140913759104
-26.16204317823401
-26.21093709644584
-26.25982265224229
-26.30869982947069
-26.357568611978
-26.406428983610798
-26.455280928215295
-26.504124429637322
-26.552959471722342
-26.601786038315442
-26.65060411326133
-26.69941368040434
-26.74821472358844
-26.797007226657215
-26.845791173453883
-26.894566547821274
-26.943333333601856
-26.992091514637718
-27.04084107477057
-27.089581997841744
-27.13831426769221
-27.18703786816255
-27.235752783092984
-27.284458996323334
-27.333156491693067
-27.381845253041263
-27.43052526420663
-27.4791965090275
-27.527858971341825
-27.576512634987193
-27.6251574838008
-27.67379350161947
-27.72242067227966
-27.771038979617444
-27.81964840746852
-27.86824893966821
-27.916840560051455
-27.965423252452826
-28.013997000706514
-28.062561788646338
-28.111117600105732
-28.15966441891776
-28.20820222891511
-28.25673101393009
-28.30525075779463
-28.353761444340293
-28.40226305739825
-28.45075558079931
-28.499238998373894
-28.547713293952057
-28.596178451363464
-28.64463445443742
-28.693081287002837
-28.741518932888262
-28.78994737592186
-28.838366599931422
-28.886776588744365
-28.93517732618772
-28.98356879608815
-29.03195098227194
-29.080323868565
-29.12868743879286
-29.177041676780675
-29.22538656635323
-29.27372209133492
-29.32204823554978
-29.370364982821457
-29.418672316973232
-29.466970221828003
-29.51525868120829
-29.563537678936246
-29.61180719883364
-29.660067224721878
-29.708317740421975
-29.756558729754584
-29.804790176539974
-29.853012064598044
-29.901224377748317
-29.94942709980994
-29.997620214601685
-30.04580370594195
-30.093977557648763
-30.14214175353977
-30.19029627743225
-30.2384411131431
-30.28657624448885
-30.334701655285656
-30.382817329349297
-30.430923250495184
-30.479019402538345
-30.527105769293442
-30.575182334574766
-30.62324908219623
-30.67130599597138
-30.71935305971338
-30.767390257235036
-30.815417572348768
-30.863434988866633
-30.911442490600315
-30.95944006136112
-31.007427684959996
-31.055405345207504
-31.103373025913847
-31.15133071088885
-31.199278383941973
-31.247216028882303
-31.295143629518556
-31.343061169659077
-31.390968633111843
-31.438866003684467
-31.486753265184188
-31.53463040141788
-31.58249739619204
-31.6303542333128
-31.678200896585935
-31.726037369816833
-31.773863636810532
-31.821679681371695
-31.869485487304615
-31.91728103841323
-31.965066318501094
-32.01284131137141
-32.06060600082701
-32.10836037067036
-32.15610440470356
-32.20383808672835
-32.251561400546095
-32.29927432995781
-32.346976858764144
-32.394668970765366
-32.442350649761394
-32.49002187955178
-32.537682643935725
-32.58533292671205
-32.63297271167922
-32.68060198263535
-32.72822072337818
-32.775828917705084
-32.8234265494131
-32.87101360229888
-32.91859006015872
-32.96615590678857
-33.01371112598402
-33.06125570154028
-33.108789617252235
-33.15631285691439
-33.20382540432089
-33.25132724326553
-33.29881835754175
-33.34629873094263
-33.39376834726089
-33.441227190288906
-33.48867524381869
-33.5361124916419
-33.58353891754985
-33.630954505333484
-33.6783592387834
-33.72575310168985
-33.773136077842715
-33.82050815103154
-33.867869305045524
-33.91521952367349
-33.96255879070394
-34.009887089925
-34.057204405124466
-34.10451072008977
-34.151806018608
-34.1990902844659
-34.24636350144986
-34.293625653345934
-34.340876723939814
-34.38811669701685
-34.435345556362044
-34.48256328576007
-34.529769868995245
-34.57696528985153
-34.624149532112554
-34.67132257956161
-34.718484415981635
-34.765635025155234
-34.812774390864654
-34.85990249689182
-34.90701932701831
-34.954124865025356
-35.001219094693866
-35.04830199980439
-35.09537356413714
-35.14243377147202
-35.18948260558856
-35.23652005026597
-35.28354608928312
-35.33056070641855
-35.37756388545047
-35.424555610156744
-35.4715358643149
-35.51850463170215
-35.56546189609536
-35.612407641271055
-35.65934185100546
-35.70626450907444
-35.753175599253545
-35.80007510531799
-35.84696301104267
-35.89383930020213
-35.940703956570616
-35.98755696392203
-36.03439830602996
-36.081227966667655
-36.12804592960804
-36.17485217862373
-36.22164669748701
-36.26842946996983
-36.31520047984384
-36.36195971088035
-36.408707146850354
-36.45544277152454
-36.50216656867325
-36.548878522066545
-36.59557861547413
-36.64226683266542
-36.6889431574095
-36.73560757347514
-36.78226006463081
-36.828900614644645
-36.87552920728447
-36.92214582631782
-36.968750455511895
-37.01534307863359
-37.0619236794495
-37.10849224172589
-37.15504874922873
-37.20159318572368
-37.24812553497609
-37.29464578075102
-37.3411539068132
-37.38764989692706
-37.434133734856744
-37.480605404366074
-37.527064889218586
-37.5735121731775
-37.61994724000574
-37.666370073465934
-37.7127806573204
-37.759178975331174
-37.80556501125999
-37.85193874886828
-37.89830017191717
-37.944649264167516
-37.99098600937987
-38.03731039131448
-38.08362239373132
-38.12992200039005
-38.17620919505007
-38.222483961470466
-38.26874628341004
-38.314996144627315
-38.36123352888052
-38.4074584199276
-38.453670801526215
-38.49987065743374
-38.54605797140728
-38.59223272720363
-38.63839490857933
-38.68454449929062
-38.73068148309348
-38.77680584374359
-38.82291756499637
-38.86901663060696
-38.915103024330215
-38.96117672992073
-39.00723773113282
-39.05328601172052
-39.09932155543761
-39.14534434603759
-39.191354367273675
-39.23735160289883
-39.283336036665766
-39.3293076523269
-39.37526643363439
-39.42121236434013
-39.46714542819576
-39.51306560895265
-39.55897289036191
-39.60486725617439
-39.65074869014068
-39.69661717601111
-39.74247269753576
-39.788315238464435
-39.83414478254671
-39.87996131353189
-39.92576481516904
-39.97155527120695
-40.01733266539419
-40.063096981479056
-40.108848203209604
-40.15458631433364
-40.200311298598734
-40.2460231397522
-40.291721821541095
-40.33740732771228
-40.38307964201232
-40.42873874818757
-40.47438462998414
-40.520017271147886
-40.565636655424456
-40.61124276655924
-40.656835588297405
-40.70241510438387
-40.74798129856334
-40.79353415458027
-40.8390736561789
-40.88459978710323
-40.930112531097045
-40.975611871903894
-41.021097793267096
-41.06657027892975
-41.112029312634746
-41.15747487812473
-41.20290695914214
-41.2483255394292
-41.29373060272791
-41.33912213278004
-41.38450011332717
-41.42986452811064
-41.4752153608716
-41.52055259535098
-41.565876215289485
-41.61118620442764
-41.656482546505735
-41.70176522526387
-41.74703422444193
-41.7922895277796
-41.837531119016376
-41.88275898189153
-41.927973100144136
-41.973173457513084
-42.01836003773706
-42.063532824554564
-42.10869180170388
-42.15383695292311
-42.198968261950164
-42.24408571252277
-42.289189288378445
-42.33427897325455
-42.379354750888226
-42.424416605016454
-42.46946451937602
-42.514498477703526
-42.5595184637354
-42.60452446120788
-42.649516453857046
-42.694494425418775
-42.7394583596288
-42.784408240222646
-42.829344050935696
-42.87426577550314
-42.91917339766002
-42.96406690114118
-43.008946269681324
-43.05381148701498
-43.09866253687652
-43.14349940300014
-43.1883220691199
-43.23313051896967
-43.27792473628318
-43.32270470479401
-43.36747040823557
-43.41222183034112
-43.45695895484377
-43.5016817654765
-43.546390245972106
-43.591084380063265
-43.63576415148249
-43.68042954396216
-43.72508054123452
-43.76971712703165
-43.81433928508551
-43.85894699912792
-43.903540252890565
-43.94811903010498
-43.9926833145026
-44.037233089814684
-44.0817683397724
-44.12628904810678
-44.1707951985487
-44.215286774828954
-44.25976376067818
-44.304226139826916
-44.348673896005565
-44.39310701294442
-44.437525474373665
-44.48192926402335
-44.52631836562342
-44.57069276290371
-44.61505243959395
-44.65939737942376
-44.70372756612264
-44.74804298341999
-44.79234361504513
-44.83662944472724
-44.880900456195434
-44.92515663317871
-44.969397959405974
-45.01362441860604
-45.05783599450763
-45.10203267083936
-45.146214431329774
-45.19038125970732
-45.23453313970037
-45.278670055037196
-45.322791989445996
-45.36689892665489
-45.41099085039192
-45.45506774438505
-45.49912959236216
-45.54317637805106
-45.5872080851795
-45.63122469747514
-45.6752261986656
-45.719212572478405
-45.76318380264104
-45.8071398728809
-45.85108076692536
-45.895006468501684
-45.93891696133712
-45.982812229158846
-46.026692255693995
-46.07055702466964
-46.1144065198128
-46.158240724850465
-46.20205962350956
-46.245863199516975
-46.28965143659956
-46.33342431848413
-46.37718182889744
-46.42092395156624
-46.46465067021722
-46.50836196857704
-46.552057830372355
-46.59573823932977
-46.639403179175865
-46.6830526336372
-46.726686586440316
-46.77030502131172
-46.81390792197792
-46.857495272165394
-46.90106705560061
-46.944623256010026
-46.988163857120085
-47.03168884265722
-47.075198196347856
-47.11869190191843
-47.16216994309537
-47.20563230360509
-47.24907896717402
-47.292509917528584
-47.335925138395226
-47.37932461350039
-47.42270832657052
-47.46607626133209
-47.509428401511585
-47.5527647308355
-47.596085233030344
-47.63938989182266
-47.68267869093901
-47.725951614105966
-47.76920864505015
-47.8124497674982
-47.85567496517679
-47.89888422181262
-47.94207752113244
-47.98525484686303
-48.02841618273119
-48.0715615124638
-48.11469081978776
-48.15780408843002
-48.20090130211758
-48.2439824445775
-48.28704749953687
-48.33009645072286
-48.373129281862695
-48.41614597668364
-48.45914651891304
-48.5021308922783
-48.545099080506894
-48.588051067326354
-48.630986836464295
-48.6739063716484
-48.71680965660643
-48.75969667506622
-48.80256741075569
-48.84542184740285
-48.88825996873577
-48.93108175848263
-48.973887200371685
-49.0166762781313
-49.059448975489914
-49.10220527617607
-49.14494516391843
-49.18766862244572
-49.230375635486794
-49.2730661867706
-49.3157402600262
-49.35839783898278
-49.40103890736962
-49.44366344891611
-49.48627144735178
-49.52886288640627
-49.57143774980934
-49.61399602129088
-49.6565376845809
-49.69906272340955
-49.74157112150709
-49.78406286260396
-49.82653793043069
-49.868996308717975
-49.91143798119665
-49.95386293159769
-49.99627114365221
-50.03866260109149
-50.08103728764696
-50.123395187050185
-50.16573628303292
-50.20806055932705
-50.25036799966465
-50.29265858777793
-50.33493230739928
-50.37718914226127
-50.41942907609663
-50.46165209263827
-50.50385817561927
-50.54604730877291
-50.58821947583264
-50.630374660532084
-50.67251284660507
-50.71463401778561
-50.756738157807916
-50.79882525040639
-50.840895279315625
-50.882948228270436
-50.92498408100582
-50.96700282125699
-51.00900443275937
-51.050988899248594
-51.092956204460506
-51.13490633213117
-51.176839265996875
-51.21875498979413
-51.26065348725966
-51.302534742130426
-51.344398738143624
-51.386245459036665
-51.428074888547215
-51.469887010413174
-51.511681808372686
-51.55345926616413
-51.595219367526134
-51.63696209619758
-51.678687435917595
-51.72039537042558
-51.76208588346118
-51.8037589587643
-51.84541458007511
-51.88705273113404
-51.92867339568181
-51.9702765574594
-52.01186220020806
-52.05343030766931
-52.09498086358498
-52.13651385169715
-52.17802925574822
-52.219527059480846
-52.261007246638
-52.302469800962946
-52.34391470619923
-52.38534194609071
-52.426751504381556
-52.46814336481623
-52.509517511139514
-52.55087392709649
-52.59221259643257
-52.63353350289347
-52.67483663022524
-52.716121962174256
-52.757389482487206
-52.798639174911116
-52.83987102319335
-52.8810850110816
-52.92228112232391
-52.96345934066864
-53.00461964986453
-53.04576203366064
-53.08688647580639
-53.127992960051564
-53.169081470146295
-53.21015198984107
-53.25120450288676
-53.29223899303457
-53.333255444036105
-53.37425383964333
-53.41523416360858
-53.45619639968458
-53.497140531624424
-53.53806654318161
-53.57897441811001
-53.61986414016389
-53.66073569309792
-53.70158906066714
-53.74242422662702
-53.78324117473342
-53.82403988874261
-53.86482035241127
-53.90558254949649
-53.94632646375579
-53.98705207894709
-54.02775937882874
-54.06844834715953
-54.10911896769866
-54.14977122420578
-54.190405100440955
-54.2310205801647
-54.27161764713799
-54.312196285122205
-54.35275647787922
-54.39329820917132
-54.433821462761266
-54.47432622241228
-54.51481247188805
-54.555280194952715
-54.59572937537089
-54.63615999690766
-54.676572043328584
-54.7169654983997
-54.75734034588754
-54.79769656955911
-54.838034153181894
-54.87835308052389
-54.91865333535357
-54.958934901439925
-54.999197762552434
-55.039441902461085
-55.079667304936386
-55.119873953749334
-55.16006183267146
-55.20023092547481
-55.240381215931954
-55.280512687815985
-55.320625324900526
-55.36071911095973
-55.40079402976829
-55.44085006510145
-55.480887200734976
-55.520905420445196
-55.560904708008984
-55.60088504720376
-55.64084642180752
-55.6807888155988
-55.72071221235672
-55.76061659586096
-55.80050194989175
-55.840368258229944
-55.880215504656924
-55.920043672954684
-55.959852746905796
-55.99964271029342
-56.03941354690132
-56.079165240513845
-56.11889777491594
-56.15861113389317
-56.19830530123168
-56.23798026071826
-56.2776359961403
-56.3172724912858
-56.3568897299434
-56.39648769590234
-56.43606637295252
-56.475625744884454
-56.515165795489295
-56.55468650855884
-56.59418786788553
-56.633669857262454
-56.67313246048335
-56.71257566134262
-56.75199944363531
-56.79140379115715
-56.83078868770452
-56.87015411707446
-56.90950006306472
-56.9488265094737
-56.98813344010048
-57.02742083874486
-57.06668868920728
-57.10593697528891
-57.1451656807916
-57.18437478951791
-57.2235642852711
-57.26273415185515
-57.30188437307473
-57.341014932735234
-57.380125814642795
-57.41921700260425
-57.45828848042717
-57.497340231919864
-57.53637224089136
-57.575384491151446
-57.61437696651064
-57.65334965078022
-57.692302527772206
-57.73123558129937
-57.77014879517526
-57.80904215321417
-57.84791563923117
-57.886769237042095
-57.925602930463576
-57.96441670331299
-58.00321053940853
-58.04198442256916
-58.08073833661463
-58.1194722653655
-58.15818619264312
-58.196880102269645
-58.23555397806804
-58.27420780386209
-58.31284156347638
-58.35145524073633
-58.39004881946817
-58.42862228349897
-58.46717561665661
-58.50570880276985
-58.54422182566825
-58.58271466918223
-58.62118731714306
-58.65963975338286
-58.69807196173461
-58.73648392603216
-58.774875630110195
-58.813247057804304
-58.85159819295093
-58.88992901938741
-58.92823952095195
-58.966529681483635
-59.00479948482246
-59.04304891480932
-59.081277955285984
-59.119486590095136
-59.157674803080376
-59.19584257808621
-59.23398989895806
-59.27211674954226
-59.3102231136861
-59.34830897523776
-59.38637431804637
-59.42441912596201
-59.46244338283569
-59.50044707251936
-59.53843017886594
-59.57639268572929
-59.61433457696424
-59.652255836426576
-59.69015644797306
-59.72803639546142
-59.765895662750374
-59.80373423369959
-59.84155209216978
-59.879349222022576
-59.91712560712067
-59.954881231327704
-59.99261607850835
-60.030330132528285
-60.06802337725421
-60.10569579655381
-60.143347374295836
-60.18097809435003
-60.21858794058718
-60.256176896879104
-60.293744947098666
-60.33129207511978
-60.36881826481739
-60.406323500067515
-60.44380776474722
-60.48127104273463
-60.51871331790896
-60.55613457415047
-60.59353479534051
-60.63091396536151
-60.66827206809698
-60.70560908743153
-60.74292500725087
-60.78021981144179
-60.81749348389219
-60.8547460084911
-60.89197736912864
-60.92918754969607
-60.96637653408575
-61.00354430619118
-61.040690849907
-61.07781614912897
-61.114920187754
-61.15200294968016
-61.18906441880666
-61.22610457903386
-61.26312341426329
-61.300120908397645
-61.3370970453408
-61.374051808997784
-61.410985183274825
-61.44789715207933
-61.484787699319895
-61.521656808906314
-61.558504464749575
-61.59533065076188
-61.63213535085663
-61.66891854894844
-61.70568022895316
-61.742420374787855
-61.77913897037081
-61.815835999621555
-61.85251144646086
-61.889165294810724
-61.925797528594416
-61.96240813173644
-61.99899708816257
-62.03556438179984
-62.07210999657655
-62.108633916422285
-62.145136125267896
-62.18161660704551
-62.218075345688575
-62.2545123251318
-62.2909275293112
-62.3273209421641
-62.36369254762914
-62.40004232964626
-62.43637027215672
-62.47267635910311
-62.50896057442935
-62.54522290208069
-62.58146332600372
-62.617681830146374
-62.653878398457934
-62.690053014889045
-62.726205663391696
-62.76233632791926
-62.79844499242647
-62.83453164086942
-62.87059625720561
-62.90663882539392
-62.9426593293946
-62.97865775316932
-63.01463408068114
-63.050588295894535
-63.086520382775376
-63.12243032529096
-63.158318107410004
-63.19418371310266
-63.23002712634051
-63.265848331096564
-63.30164731134528
-63.33742405106257
-63.3731785342258
-63.40891074481379
-63.44462066680682
-63.480308284186655
-63.515973580936524
-63.551616541041135
-63.587237148486686
-63.62283538726087
-63.658411241352866
-63.69396469475337
-63.72949573145457
-63.76500433545018
-63.80049049073542
-63.835954181307045
-63.87139539116333
-63.90681410430409
-63.94221030473068
-63.977583976446006
-64.01293510345451
-64.04826366976219
-64.08356965937664
-64.11885305630697
-64.15411384456392
-64.18935200815976
-64.22456753110836
-64.2597603974252
-64.29493059112733
-64.3300780962334
-64.36520289676368
-64.40030497674003
-64.43538432018597
-64.47044091112662
-64.5054747335887
-64.54048577160063
-64.5754740091924
-64.61043943039569
-64.64538201924381
-64.68030175977175
-64.71519863601614
-64.75007263201529
-64.78492373180917
-64.81975191943945
-64.85455717894949
-64.8893394943843
-64.92409884979064
-64.95883522921694
-64.99354861671335
-65.02823899633172
-65.06290635212564
-65.0975506681504
-65.13217192846307
-65.1667701171224
-65.20134521818892
-65.23589721572489
-65.27042609379434
-65.30493183646306
-65.33941442779859
-65.37387385187024
-65.40831009274915
-65.44272313450817
-65.47711296122199
-65.51147955696709
-65.54582290582174
-65.58014299186601
-65.61443979918181
-65.64871331185284
-65.68296351396465
-65.71719038960462
-65.75139392286196
-65.78557409782772
-65.8197308985948
-65.85386430925796
-65.88797431391382
-65.92206089666087
-65.95612404159948
-65.99016373283189
-66.02417995446223
-66.0581726905965
-66.09214192534266
-66.12608764281049
-66.16000982711175
-66.19390846236008
-66.22778353267105
-66.26163502216217
-66.29546291495285
-66.32926719516448
-66.36304784692037
-66.3968048543458
-66.43053820156803
-66.46424787271621
-66.49793385192154
-66.53159612331719
-66.56523467103825
-66.59884947922187
-66.63244053200717
-66.66600781353526
-66.69955130794929
-66.7330709993944
-66.76656687201773
-66.80003890996852
-66.83348709739796
-66.86691141845935
-66.900311857308
-66.93368839810127
-66.9670410249986
-67.00036972216147
-67.03367447375346
-67.06695526394023
-67.10021207688949
-67.13344489677108
-67.1666537077569
-67.19983849402097
-67.23299923973944
-67.26613592909057
-67.2992485462547
-67.33233707541437
-67.3654015007542
-67.398441806461
-67.43145797672366
-67.4644499957333
-67.49741784768317
-67.53036151676868
-67.56328098718741
-67.59617624313915
-67.62904726882587
-67.66189404845173
-67.69471656622306
-67.72751480634847
-67.76028875303871
-67.79303839050681
-67.82576370296798
-67.85846467463969
-67.89114128974165
-67.92379353249582
-67.9564213871264
-67.98902483785986
-68.02160386892494
-68.05415846455266
-68.0866886089763
-68.11919428643145
-68.15167548115598
-68.18413217739007
-68.21656435937619
-68.24897201135914
-68.28135511758606
-68.31371366230637
-68.34604762977186
-68.37835700423666
-68.41064176995724
-68.44290191119241
-68.47513741220337
-68.50734825725368
-68.53953443060928
-68.57169591653847
-68.60383269931197
-68.63594476320286
-68.66803209248665
-68.70009467144128
-68.73213248434705
-68.76414551548672
-68.79613374914548
-68.82809716961096
-68.86003576117321
-68.89194950812477
-68.92383839476061
-68.95570240537816
-68.98754152427735
-69.01935573576056
-69.05114502413267
-69.08290937370107
-69.11464876877561
-69.14636319366869
-69.17805263269521
-69.20971707017257
-69.24135649042073
-69.27297087776216
-69.3045602165219
-69.33612449102752
-69.36766368560914
-69.39917778459946
-69.43066677233375
-69.46213063314985
-69.4935693513882
-69.52498291139182
-69.55637129750632
-69.58773449407992
-69.6190724854635
-69.65038525601051
-69.68167279007703
-69.71293507202179
-69.74417208620618
-69.77538381699421
-69.80657024875256
-69.83773136585059
-69.86886715266029
-69.89997759355637
-69.93106267291621
-69.96212237511989
-69.9931566845502
-70.02416558559261
-70.05514906263534
-70.08610710006928
-70.11703968228812
-70.14794679368825
-70.1788284186688
-70.20968454163166
-70.2405151469815
-70.27132021912571
-70.30209974247452
-70.33285370144088
-70.36358208044058
-70.39428486389217
-70.42496203621702
-70.45561358183933
-70.48623948518609
-70.51683973068714
-70.54741430277512
-70.57796318588557
-70.60848636445682
-70.63898382293009
-70.66945554574947
-70.69990151736191
-70.73032172221723
-70.76071614476815
-70.79108476947029
-70.82142758078216
-70.8517445631652
-70.88203570108375
-70.9123009790051
-70.94254038139943
-70.9727538927399
-71.0029414975026
-71.03310318016659
-71.0632389252139
-71.09334871712949
-71.12343254040134
-71.1534903795204
-71.18352221898063
-71.21352804327898
-71.24350783691541
-71.27346158439292
-71.3033892702175
-71.33329087889818
-71.36316639494707
-71.39301580287932
-71.42283908721308
-71.45263623246963
-71.48240722317328
-71.51215204385146
-71.54187067903466
-71.57156311325649
-71.60122933105364
-71.63086931696593
-71.66048305553628
-71.69007053131075
-71.71963172883856
-71.74916663267206
-71.7786752273667
-71.80815749748116
-71.83761342757727
-71.86704300222003
-71.89644620597763
-71.92582302342142
-71.95517343912599
-71.9844974376691
-72.0137950036318
-72.04306612159829
-72.07231077615602
-72.10152895189569
-72.13072063341124
-72.1598858052999
-72.1890244521621
-72.21813655860161
-72.24722210922546
-72.27628108864394
-72.30531348147065
-72.3343192723225
-72.36329844581975
-72.39225098658592
-72.42117687924791
-72.45007610843594
-72.47894865878355
-72.50779451492768
-72.5366136615086
-72.56540608316995
-72.5941717645588
-72.62291069032554
-72.651622845124
-72.6803082136114
-72.70896678044836
-72.73759853029897
-72.76620344783068
-72.79478151771441
-72.82333272462456
-72.85185705323894
-72.88035448823882
-72.90882501430897
-72.93726861613763
-72.9656852784165
-72.99407498584084
-73.02243772310933
-73.05077347492424
-73.07908222599134
-73.1073639610199
-73.13561866472276
-73.16384632181628
-73.19204691702042
-73.22022043505868
-73.2483668606581
-73.27648617854935
-73.30457837346667
-73.3326434301479
-73.36068133333447
-73.38869206777147
-73.41667561820758
-73.4446319693951
-73.47256110609003
-73.50046301305194
-73.52833767504411
-73.55618507683349
-73.58400520319069
-73.61179803889
-73.63956356870942
-73.66730177743064
-73.69501264983906
-73.7226961707238
-73.75035232487771
-73.7779810970974
-73.80558247218318
-73.83315643493916
-73.86070297017316
-73.88822206269684
-73.91571369732559
-73.9431778588786
-73.97061453217887
-73.9980237020532
-74.0254053533322
-74.0527594708503
-74.0800860394458
-74.1073850439608
-74.13465646924128
-74.16190030013705
-74.18911652150182
-74.21630511819318
-74.24346607507258
-74.27059937700537
-74.29770500886085
-74.32478295551218
-74.35183320183646
-74.37885573271473
-74.40585053303195
-74.43281758767706
-74.45975688154296
-74.48666839952648
-74.51355212652845
-74.54040804745371
-74.56723614721105
-74.59403641071329
-74.62080882287725
-74.6475533686238
-74.67427003287783
-74.70095880056824
-74.72761965662804
-74.75425258599422
-74.7808575736079
-74.80743460441427
-74.83398366336259
-74.86050473540621
-74.88699780550263
-74.91346285861339
-74.93989987970423
-74.96630885374496
-74.99268976570959
-75.0190426005762
-75.04536734332711
-75.07166397894879
-75.09793249243187
-75.12417286877118
-75.15038509296575
-75.1765691500188
-75.20272502493779
-75.22885270273439
-75.2549521684245
-75.28102340702829
-75.30706640357016
-75.33308114307877
-75.35906761058708
-75.3850257911323
-75.41095566975598
-75.4368572315039
-75.46273046142619
-75.48857534457733
-75.51439186601607
-75.54018001080553
-75.5659397640132
-75.59167111071088
-75.61737403597475
-75.6430485248854
-75.66869456252778
-75.69431213399122
-75.71990122436948
-75.74546181876075
-75.7709939022676
-75.79649745999708
-75.82197247706065
-75.84741893857425
-75.87283682965824
-75.8982261354375
-75.92358684104137
-75.94891893160371
-75.97422239226283
-75.99949720816161
-76.0247433644474
-76.04996084627211
-76.07514963879218
-76.10030972716862
-76.12544109656696
-76.15054373215733
-76.17561761911445
-76.20066274261761
-76.2256790878507
-76.25066664000222
-76.2756253842653
-76.30055530583768
-76.32545638992175
-76.35032862172456
-76.37517198645779
-76.3999864693378
-76.42477205558566
-76.44952873042709
-76.4742564790925
-76.49895528681705
-76.52362513884059
-76.5482660204077
-76.57287791676768
-76.59746081317462
-76.62201469488735
-76.64653954716947
-76.67103535528933
-76.6955021045201
-76.71993978013974
-76.74434836743102
-76.76872785168149
-76.7930782181836
-76.81739945223457
-76.84169153913652
-76.86595446419639
-76.89018821272602
-76.91439277004208
-76.9385681214662
-76.96271425232486
-76.98683114794943
-77.01091879367625
-77.03497717484657
-77.05900627680657
-77.0830060849074
-77.10697658450513
-77.13091776096084
-77.15482959964058
-77.17871208591538
-77.20256520516128
-77.22638894275933
-77.25018328409561
-77.27394821456122
-77.29768371955228
-77.32138978447001
-77.34506639472066
-77.36871353571556
-77.39233119287114
-77.4159193516089
-77.43947799735545
-77.46300711554252
-77.48650669160698
-77.50997671099078
-77.5334171591411
-77.5568280215102
-77.58020928355555
-77.60356093073976
-77.62688294853068
-77.65017532240132
-77.67343803782992
-77.69667108029992
-77.71987443529999
-77.74304808832404
-77.76619202487126
-77.78930623044607
-77.81239069055817
-77.83544539072255
-77.85847031645947
-77.88146545329452
-77.9044307867586
-77.92736630238792
-77.95027198572403
-77.97314782231385
-77.9959937977096
-78.01880989746894
-78.04159610715485
-78.06435241233572
-78.08707879858537
-78.10977525148297
-78.13244175661316
-78.15507829956599
-78.17768486593694
-78.20026144132696
-78.22280801134248
-78.24532456159537
-78.267811077703
-78.29026754528827
-78.31269394997953
-78.33509027741067
-78.35745651322112
-78.37979264305585
-78.40209865256537
-78.42437452740575
-78.44662025323863
-78.46883581573127
-78.49102120055646
-78.51317639339264
-78.53530137992387
-78.55739614583979
-78.57946067683572
-78.60149495861263
-78.62349897687713
-78.6454727173415
-78.66741616572374
-78.68932930774749
-78.71121212914213
-78.73306461564273
-78.7548867529901
-78.7766785269308
-78.79843992321709
-78.82017092760707
-78.84187152586452
-78.86354170375907
-78.8851814470661
-78.90679074156682
-78.92836957304824
-78.9499179273032
-78.97143579013039
-78.99292314733432
-79.0143799847254
-79.03580628811984
-79.05720204333983
-79.07856723621337
-79.09990185257442
-79.1212058782628
-79.1424792991243
-79.16372210101065
-79.18493426977949
-79.20611579129447
-79.22726665142517
-79.24838683604719
-79.2694763310421
-79.29053512229747
-79.31156319570691
-79.33256053717004
-79.35352713259253
-79.37446296788612
-79.39536802896855
-79.41624230176372
-79.43708577220154
-79.45789842621808
-79.47868024975546
-79.49943122876196
-79.52015134919199
-79.54084059700607
-79.56149895817092
-79.58212641865939
-79.6027229644505
-79.62328858152952
-79.64382325588787
-79.66432697352317
-79.6847997204393
-79.70524148264637
-79.72565224616072
-79.74603199700496
-79.76638072120797
-79.78669840480488
-79.80698503383717
-79.82724059435257
-79.84746507240517
-79.86765845405537
-79.88782072536992
-79.90795187242189
-79.92805188129076
-79.94812073806233
-79.96815842882883
-79.98816493968889
-80.00814025674752
-80.02808436611619
-80.04799725391275
-80.06787890626154
-80.08772930929335
-80.10754844914543
-80.1273363119615
-80.1470928838918
-80.16681815109308
-80.18651209972856
-80.20617471596802
-80.22580598598778
-80.2454058959707
-80.26497443210623
-80.28451158059038
-80.30401732762571
-80.32349165942146
-80.34293456219342
-80.362346022164
-80.3817260255623
-80.40107455862402
-80.42039160759151
-80.43967715871383
-80.45893119824673
-80.47815371245261
-80.49734468760059
-80.51650410996655
-80.53563196583305
-80.55472824148943
-80.57379292323176
-80.59282599736291
-80.6118274501925
-80.63079726803693
-80.64973543721945
-80.66864194407009
-80.68751677492573
-80.70635991613007
-80.72517135403368
-80.74395107499399
-80.76269906537532
-80.78141531154884
-80.80009979989266
-80.81875251679179
-80.83737344863816
-80.85596258183067
-80.87451990277512
-80.8930453978843
-80.91153905357798
-80.93000085628292
-80.94843079243286
-80.96682884846857
-80.98519501083783
-81.00352926599548
-81.02183160040337
-81.04010200053045
-81.05834045285273
-81.07654694385332
-81.09472146002237
-81.11286398785721
-81.13097451386227
-81.14905302454912
-81.16709950643644
-81.18511394605015
-81.20309632992327
-81.22104664459602
-81.23896487661584
-81.25685101253738
-81.2747050389225
-81.2925269423403
-81.31031670936711
-81.32807432658657
-81.34579978058953
-81.36349305797417
-81.38115414534596
-81.39878302931767
-81.41637969650941
-81.43394413354862
-81.45147632707007
-81.46897626371592
-81.48644393013568
-81.50387931298627
-81.521282398932
-81.53865317464458
-81.55599162680315
-81.57329774209431
-81.59057150721209
-81.60781290885797
-81.62502193374094
-81.64219856857744
-81.65934280009147
-81.67645461501446
-81.69353400008544
-81.71058094205094
-81.72759542766505
-81.74457744368945
-81.76152697689336
-81.77844401405362
-81.79532854195466
-81.81218054738852
-81.82900001715488
-81.84578693806108
-81.86254129692207
-81.8792630805605
-81.8959522758067
-81.9126088694987
-81.9292328484822
-81.94582419961067
-81.96238290974526
-81.97890896575493
-81.99540235451634
-82.01186306291395
-82.02829107784
-82.04468638619451
-82.06104897488537
-82.07737883082821
-82.09367594094655
-82.10994029217179
-82.12617187144309
-82.14237066570759
-82.15853666192025
-82.17466984704397
-82.19077020804957
-82.20683773191577
-82.22287240562923
-82.2388742161846
-82.25484315058446
-82.27077919583941
-82.28668233896802
-82.30255256699687
-82.31838986696054
-82.33419422590168
-82.34996563087097
-82.36570406892716
-82.38140952713707
-82.3970819925756
-82.41272145232573
-82.4283278934786
-82.44390130313346
-82.45944166839767
-82.47494897638678
-82.4904232142245
-82.50586436904271
-82.52127242798149
-82.53664737818912
-82.5519892068221
-82.56729790104518
-82.58257344803133
-82.59781583496178
-82.61302504902606
-82.628201077422
-82.6433439073557
-82.65845352604155
-82.67352992070231
-82.68857307856908
-82.70358298688127
-82.71855963288672
-82.73350300384162
-82.74841308701055
-82.76328986966651
-82.7781333390909
-82.79294348257359
-82.80772028741286
-82.8224637409155
-82.83717383039672
-82.85185054318026
-82.86649386659836
-82.88110378799176
-82.89568029470975
-82.91022337411013
-82.92473301355929
-82.9392092004322
-82.95365192211237
-82.96806116599195
-82.98243691947171
-82.996779169961
-83.01108790487784
-83.02536311164889
-83.03960477770949
-83.05381289050366
-83.06798743748413
-83.08212840611229
-83.0962357838583
-83.11030955820104
-83.1243497166281
-83.13835624663591
-83.15232913572963
-83.16626837142321
-83.18017394123942
-83.19404583270985
-83.20788403337491
-83.22168853078387
-83.23545931249484
-83.24919636607483
-83.2628996790997
-83.27656923915428
-83.29020503383225
-83.30380705073625
-83.31737527747786
-83.33090970167761
-83.344410310965
-83.35787709297854
-83.37131003536571
-83.38470912578302
-83.398074351896
-83.41140570137924
-83.42470316191636
-83.43796672120007
-83.45119636693215
-83.4643920868235
-83.4775538685941
-83.49068169997308
-83.5037755686987
-83.51683546251836
-83.52986136918865
-83.54285327647534
-83.55581117215341
-83.56873504400701
-83.58162487982956
-83.59448066742368
-83.60730239460126
-83.62009004918346
-83.63284361900072
-83.6455630918928
-83.65824845570872
-83.67089969830684
-83.68351680755488
-83.69609977132991
-83.70864857751833
-83.72116321401596
-83.73364366872802
-83.7460899295691
-83.75850198446325
-83.77087982134394
-83.78322342815409
-83.7955327928461
-83.80780790338184
-83.8200487477327
-83.83225531387954
-83.84442758981277
-83.85656556353233
-83.86866922304772
-83.880738556378
-83.89277355155183
-83.90477419660742
-83.91674047959265
-83.92867238856498
-83.94056991159152
-83.95243303674907
-83.96426175212405
-83.97605604581256
-83.98781590592043
-83.9995413205632
-84.01123227786613
-84.02288876596421
-84.03451077300218
-84.04609828713458
-84.0576512965257
-84.06916978934967
-84.08065375379037
-84.09210317804157
-84.10351805030686
-84.11489835879968
-84.12624409174335
-84.13755523737106
-84.14883178392594
-84.160073719661
-84.17128103283918
-84.18245371173337
-84.19359174462646
-84.20469511981126
-84.21576382559059
-84.22679785027725
-84.23779718219411
-84.24876180967405
-84.25969172105997
-84.27058690470486
-84.28144734897177
-84.29227304223386
-84.3030639728744
-84.31382012928675
-84.32454149987444
-84.33522807305114
-84.34587983724069
-84.35649678087708
-84.36707889240454
-84.37762616027747
-84.38813857296054
-84.39861611892862
-84.40905878666685
-84.41946656467063
-84.42983944144567
-84.44017740550795
-84.4504804453838
-84.46074854960985
-84.47098170673306
-84.48117990531077
-84.4913431339107
-84.50147138111096
-84.51156463550005
-84.5216228856769
-84.53164612025087
-84.54163432784176
-84.55158749707984
-84.56150561660586
-84.57138867507105
-84.58123666113718
-84.59104956347652
-84.60082737077188
-84.61057007171664
-84.62027765501473
-84.62995010938066
-84.63958742353955
-84.64918958622715
-84.65875658618982
-84.66828841218455
-84.67778505297902
-84.68724649735157
-84.69667273409121
-84.7060637519977
-84.71541953988148
-84.72474008656374
-84.73402538087643
-84.74327541166225
-84.75249016777468
-84.761669638078
-84.77081381144731
-84.77992267676852
-84.7889962229384
-84.79803443886455
-84.80703731346546
-84.81600483567051
-84.82493699441999
-84.83383377866508
-84.8426951773679
-84.85152117950153
-84.86031177405002
-84.86906695000837
-84.8777866963826
-84.88647100218972
-84.89511985645778
-84.90373324822588
-84.91231116654413
-84.92085360047375
-84.92936053908704
-84.93783197146742
-84.94626788670938
-84.95466827391856
-84.96303312221177
-84.97136242071696
-84.97965615857326
-84.98791432493101
-84.99613690895175
-85.00432389980824
-85.01247528668448
-85.02059105877571
-85.02867120528848
-85.0367157154406
-85.04472457846117
-85.05269778359066
-85.06063532008082
-85.06853717719476
-85.07640334420697
-85.0842338104033
-85.09202856508102
-85.09978759754877
-85.10751089712666
-85.11519845314622
-85.12285025495044
-85.13046629189377
-85.13804655334216
-85.1455910286731
-85.15309970727552
-85.16057257854995
-85.16800963190845
-85.17541085677465
-85.18277624258376
-85.19010577878258
-85.19739945482954
-85.20465726019467
-85.21187918435967
-85.21906521681791
-85.2262153470744
-85.23332956464586
-85.24040785906074
-85.24745021985918
-85.25445663659306
-85.26142709882605
-85.26836159613354
-85.27526011810276
-85.2821226543327
-85.28894919443415
-85.29573972802982
-85.30249424475417
-85.30921273425359
-85.31589518618634
-85.32254159022254
-85.32915193604427
-85.3357262133455
-85.34226441183216
-85.34876652122216
-85.35523253124535
-85.36166243164358
-85.36805621217073
-85.37441386259268
-85.38073537268735
-85.38702073224475
-85.3932699310669
-85.39948295896795
-85.40565980577415
-85.41180046132385
-85.41790491546755
-85.42397315806788
-85.43000517899966
-85.43600096814991
-85.44196051541779
-85.44788381071471
-85.45377084396432
-85.4596216051025
-85.46543608407737
-85.47121427084937
-85.47695615539124
-85.48266172768795
-85.48833097773691
-85.49396389554778
-85.49956047114263
-85.50512069455588
-85.51064455583436
-85.51613204503727
-85.52158315223626
-85.52699786751542
-85.53237618097128
-85.53771808271287
-85.54302356286168
-85.54829261155169
-85.55352521892944
-85.55872137515397
-85.56388107039687
-85.56900429484234
-85.57409103868711
-85.57914129214055
-85.58415504542461
-85.58913228877391
-85.59407301243567
-85.59897720666983
-85.60384486174897
-85.60867596795838
-85.61347051559606
-85.61822849497275
-85.62294989641192
-85.62763471024981
-85.63228292683542
-85.63689453653056
-85.64146952970985
-85.64600789676075
-85.65050962808353
-85.65497471409132
-85.65940314521018
-85.66379491187898
-85.66815000454956
-85.67246841368664
-85.67675012976794
-85.68099514328406
-85.68520344473863
-85.68937502464826
-85.69350987354252
-85.69760798196407
-85.70166934046856
-85.7056939396247
-85.70968177001429
-85.7136328222322
-85.7175470868864
-85.721424554598
-85.72526521600123
-85.72906906174349
-85.73283608248532
-85.73656626890046
-85.74025961167585
-85.74391610151166
-85.74753572912127
-85.75111848523134
-85.75466436058178
-85.7581733459258
-85.76164543202985
-85.76508060967379
-85.76847886965074
-85.7718402027672
-85.77516459984302
-85.77845205171145
-85.78170254921913
-85.78491608322612
-85.78809264460591
-85.79123222424543
-85.7943348130451
-85.79740040191878
-85.80042898179384
-85.8034205436112
-85.80637507832527
-85.80929257690403
-85.812173030329
-85.81501642959533
-85.8178227657117
-85.82059202970044
-85.82332421259751
-85.82601930545253
-85.82867729932876
-85.83129818530313
-85.83388195446629
-85.8364285979226
-85.83893810679015
-85.84141047220076
-85.84384568530004
-85.84624373724735
-85.84860461921585
-85.85092832239253
-85.85321483797821
-85.85546415718754
-85.85767627124903
-85.85985117140508
-85.86198884891199
-85.86408929503997
-85.86615250107316
-85.86817845830963
-85.87016715806143
-85.87211859165457
-85.87403275042908
-85.87590962573898
-85.87774920895235
-85.8795514914513
-85.88131646463196
-85.88304411990461
-85.88473444869358
-85.88638744243734
-85.88800309258846
-85.88958139061369
-85.8911223279939
-85.89262589622419
-85.89409208681381
-85.89552089128628
-85.89691230117928
-85.8982663080448
-85.89958290344904
-85.90086207897254
-85.90210382621007
-85.90330813677075
-85.90447500227803
-85.90560441436972
-85.90669636469796
-85.9077508449293
-85.90876784674467
-85.90974736183942
-85.91068938192336
-85.9115938987207
-85.91246090397013
-85.91329038942484
-85.91408234685252
-85.91483676803536
-85.91555364477007
-85.91623296886794
-85.91687473215482
-85.91747892647113
-85.91804554367188
-85.91857457562674
-85.91906601421995
-85.91951985135047
-85.9199360789319
-85.92031468889249
-85.92065567317523
-85.92095902373784
-85.92122473255272
-85.92145279160708
-85.92164319290288
-85.92179592845685
-85.92191099030052
-85.92198837048028
-85.92202806105732
-85.92203005410768
-85.92199434172231
-85.92192091600701
-85.92180976908249
-85.9216608930844
-85.92147428016331
-85.92124992248476
-85.92098781222924
-85.92068794159226
-85.92035030278431
-85.91997488803092
-85.91956168957265
-85.91911069966511
-85.918621910579
-85.91809531460012
-85.91753090402936
-85.91692867118275
-85.91628860839143
-85.91561070800172
-85.91489496237513
-85.91414136388836
-85.9133499049333
-85.91252057791708
-85.91165337526206
-85.9107482894059
-85.9098053128015
-85.90882443791706
-85.90780565723612
-85.90674896325753
-85.90565434849547
-85.9045218054795
-85.90335132675457
-85.90214290488103
-85.90089653243463
-85.89961220200655
-85.89828990620344
-85.89692963764739
-85.89553138897597
-85.8940951528423
-85.89262092191495
-85.89110868887808
-85.88955844643137
-85.88797018729007
-85.88634390418504
-85.88467958986273
-85.88297723708519
-85.88123683863012
-85.8794583872909
-85.87764187587653
-85.87578729721176
-85.873894644137
-85.87196390950838
-85.86999508619782
-85.86798816709293
-85.86594314509715
-85.86386001312967
-85.8617387641255
-85.85957939103551
-85.85738188682637
-85.85514624448064
-85.8528724569967
-85.85056051738891
-85.84821041868747
-85.84582215393856
-85.84339571620427
-85.84093109856266
-85.83842829410779
-85.83588729594966
-85.83330809721436
-85.83069069104397
-85.82803507059661
-85.82534122904651
-85.82260915958395
-85.8198388554153
-85.81703030976307
-85.81418351586589
-85.81129846697854
-85.80837515637201
-85.80541357733341
-85.80241372316611
-85.79937558718967
-85.79629916273988
-85.79318444316883
-85.79003142184483
-85.7868400921525
-85.78361044749278
-85.78034248128291
-85.77703618695651
-85.7736915579635
-85.77030858777023
-85.76688726985941
-85.76342759773017
-85.75992956489807
-85.75639316489512
-85.75281839126976
-85.74920523758693
-85.7455536974281
-85.7418637643912
-85.7381354320907
-85.73436869415765
-85.73056354423964
-85.72671997600085
-85.72283798312206
-85.71891755930066
-85.71495869825067
-85.71096139370277
-85.7069256394043
-85.7028514291193
-85.69873875662852
-85.69458761572939
-85.69039800023612
-85.68616990397963
-85.68190332080768
-85.67759824458476
-85.67325466919218
-85.66887258852809
-85.66445199650747
-85.65999288706216
-85.65549525414087
-85.65095909170921
-85.64638439374968
-85.64177115426176
-85.63711936726182
-85.6324290267832
-85.62770012687623
-85.62293266160827
-85.61812662506364
-85.6132820113437
-85.60839881456688
-85.60347702886867
-85.59851664840163
-85.59351766733542
-85.58848007985684
-85.5834038801698
-85.57828906249537
-85.57313562107181
-85.56794355015454
-85.56271284401618
-85.55744349694659
-85.55213550325287
-85.54678885725936
-85.54140355330766
-85.5359795857567
-85.5305169489827
-85.52501563737917
-85.51947564535702
-85.5138969673445
-85.5082795977872
-85.50262353114815
-85.49692876190775
-85.4911952845639
-85.48542309363185
-85.47961218364439
-85.47376254915174
-85.46787418472165
-85.46194708493937
-85.45598124440768
-85.44997665774692
-85.44393331959498
-85.43785122460736
-85.43173036745713
-85.42557074283499
-85.4193723454493
-85.41313517002605
-85.4068592113089
-85.40054446405918
-85.39419092305596
-85.387798583096
-85.38136743899385
-85.37489748558176
-85.36838871770978
-85.36184113024575
-85.3552547180753
-85.34862947610193
-85.34196539924694
-85.33526248244951
-85.32852072066669
-85.32174010887341
-85.31492064206256
-85.30806231524491
-85.3011651234492
-85.29422906172212
-85.28725412512837
-85.2802403087506
-85.27318760768954
-85.26609601706387
-85.25896553201041
-85.25179614768398
-85.24458785925752
-85.23734066192206
-85.23005455088675
-85.22272952137887
-85.21536556864386
-85.20796268794534
-85.2005208745651
-85.19304012380314
-85.1855204309777
-85.17796179142523
-85.17036420050047
-85.16272765357641
-85.15505214604435
-85.14733767331388
-85.13958423081293
-85.13179181398777
-85.12396041830303
-85.11609003924171
-85.10818067230521
-85.10023231301334
-85.09224495690435
-85.08421859953494
-85.07615323648024
-85.0680488633339
-85.05990547570805
-85.05172306923333
-85.04350163955894
-85.0352411823526
-85.02694169330061
-85.01860316810786
-85.01022560249783
-85.00180899221262
-84.99335333301296
-84.98485862067825
-84.97632485100655
-84.96775201981463
-84.95914012293791
-84.95048915623059
-84.94179911556559
-84.93306999683456
-84.92430179594797
-84.91549450883504
-84.90664813144382
-84.89776265974116
-84.88883808971279
-84.87987441736328
-84.87087163871608
-84.86182974981352
-84.85274874671688
-84.84362862550631
-84.83446938228093
-84.82527101315884
-84.81603351427711
-84.80675688179178
-84.79744111187796
-84.78808620072972
-84.77869214456024
-84.76925893960173
-84.75978658210548
-84.7502750683419
-84.74072439460053
-84.73113455719
-84.7215055524381
-84.7118373766918
-84.70213002631729
-84.6923834976999
-84.68259778724419
-84.672772891374
-84.66290880653237
-84.65300552918164
-84.64306305580345
-84.63308138289871
-84.62306050698767
-84.61300042460991
-84.60290113232439
-84.5927626267094
-84.58258490436266
-84.57236796190128
-84.5621117959618
-84.55181640320019
-84.54148178029187
-84.53110792393177
-84.52069483083429
-84.51024249773333
-84.49975092138233
-84.48922009855427
-84.47865002604168
-84.46804070065669
-84.457392119231
-84.44670427861594
-84.43597717568245
-84.42521080732114
-84.41440517044224
-84.40356026197571
-84.39267607887118
-84.38175261809798
-84.37078987664519
-84.35978785152165
-84.34874653975592
-84.33766593839638
-84.3265460445112
-84.31538685518836
-84.30418836753566
-84.29295057868076
-84.28167348577118
-84.27035708597434
-84.25900137647754
-84.24760635448801
-84.2361720172329
-84.22469836195934
-84.21318538593438
-84.20163308644507
-84.19004146079848
-84.1784105063217
-84.16674022036182
-84.15503060028601
-84.1432816434815
-84.13149334735562
-84.11966570933576
-84.10779872686949
-84.09589239742446
-84.0839467184885
-84.07196168756963
-84.05993730219599
-84.04787355991597
-84.0357704582982
-84.0236279949315
-84.01144616742498
-83.99922497340798
-83.98696441053018
-83.97466447646151
-83.96232516889226
-83.94994648553303
-83.93752842411482
-83.92507098238893
-83.9125741581271
-83.90003794912147
-83.88746235318457
-83.87484736814942
-83.86219299186943
-83.84949922221855
-83.83676605709117
-83.82399349440217
-83.81118153208703
-83.7983301681017
-83.78543940042267
-83.77250922704708
-83.75953964599258
-83.74653065529746
-83.73348225302065
-83.7203944372417
-83.70726720606078
-83.69410055759877
-83.68089448999726
-83.6676490014185
-83.65436409004546
-83.6410397540819
-83.62767599175227
-83.61427280130182
-83.60083018099661
-83.58734812912348
-83.5738266439901
-83.56026572392496
-83.54666536727741
-83.53302557241769
-83.51934633773689
-83.50562766164705
-83.49186954258111
-83.47807197899293
-83.46423496935734
-83.45035851217014
-83.43644260594812
-83.42248724922904
-83.40849244057173
-83.39445817855602
-83.38038446178281
-83.36627128887405
-83.3521186584728
-83.33792656924321
-83.32369501987053
-83.30942400906117
-83.2951135355427
-83.2807635980638
-83.26637419539439
-83.25194532632558
-83.23747698966967
-83.22296918426022
-83.20842190895205
-83.1938351626212
-83.17920894416503
-83.16454325250217
-83.1498380865726
-83.1350934453376
-83.12030932777982
-83.10548573290323
-83.09062265973326
-83.07572010731664
-83.0607780747216
-83.04579656103772
-83.03077556537608
-83.0157150868692
-83.0006151246711
-82.98547567795725
-82.97029674592468
-82.95507832779192
-82.93982042279902
-82.92452303020762
-82.90918614930094
-82.89380977938376
-82.8783939197825
-82.86293856984517
-82.84744372894144
-82.83190939646263
-82.81633557182175
-82.80072225445348
-82.78506944381418
-82.76937713938197
-82.75364534065669
-82.73787404715995
-82.72206325843509
-82.70621297404725
-82.6903231935834
-82.67439391665228
-82.6584251428845
-82.64241687193248
-82.62636910347055
-82.61028183719489
-82.5941550728236
-82.57798881009664
-82.56178304877596
-82.54553778864543
-82.52925302951087
-82.5129287712001
-82.4965650135629
-82.48016175647108
-82.46371899981847
-82.44723674352095
-82.43071498751642
-82.4141537317649
-82.39755297624845
-82.38091272097128
-82.3642329659597
-82.34751371126214
-82.33075495694918
-82.3139567031136
-82.29711894987035
-82.28024169735654
-82.26332494573155
-82.24636869517695
-82.22937294589659
-82.21233769811653
-82.19526295208516
-82.17814870807312
-82.16099496637341
-82.14380172730128
-82.1265689911944
-82.10929675841275
-82.09198502933869
-82.07463380437696
-82.05724308395472
-82.03981286852152
-82.02234315854939
-82.00483395453276
-81.98728525698854
-81.96969706645615
-81.95206938349746
-81.93440220869688
-81.91669554266134
-81.89894938602033
-81.88116373942587
-81.86333860355256
-81.8454739790976
-81.8275698667808
-81.80962626734458
-81.791643181554
-81.77362061019673
-81.75555855408318
-81.7374570140464
-81.71931599094215
-81.70113548564888
-81.68291549906779
-81.66465603212282
-81.64635708576068
-81.62801866095084
-81.60964075868554
-81.59122337997987
-81.5727665258717
-81.55427019742177
-81.53573439571365
-81.51715912185377
-81.49854437697145
-81.47989016221891
-81.46119647877129
-81.44246332782663
-81.42369071060594
-81.40487862835317
-81.38602708233526
-81.36713607384212
-81.34820560418669
-81.32923567470488
-81.31022628675568
-81.29117744172109
-81.27208914100622
-81.25296138603922
-81.23379417827135
-81.21458751917697
-81.19534141025356
-81.17605585302177
-81.15673084902537
-81.13736639983131
-81.11796250702972
-81.09851917223394
-81.0790363970805
-81.0595141832292
-81.03995253236306
-81.02035144618833
-81.00071092643459
-80.98103097485466
-80.96131159322469
-80.94155278334414
-80.92175454703579
-80.90191688614581
-80.88203980254369
-80.86212329812231
-80.84216737479794
-80.82217203451026
-80.80213727922238
-80.78206311092083
-80.76194953161561
-80.74179654334019
-80.72160414815148
-80.70137234812991
-80.68110114537943
-80.66079054202751
-80.64044054022517
-80.62005114214693
-80.59962234999095
-80.57915416597892
-80.55864659235617
-80.5380996313916
-80.51751328537779
-80.49688755663088
-80.47622244749074
-80.45551796032089
-80.43477409750852
-80.41399086146455
-80.39316825462357
-80.37230627944393
-80.35140493840771
-80.33046423402075
-80.30948416881266
-80.28846474533684
-80.26740596617049
-80.24630783391461
-80.22517035119407
-80.20399352065752
-80.18277734497751
-80.16152182685046
-80.14022696899667
-80.11889277416034
-80.09751924510958
-80.07610638463643
-80.05465419555688
-80.03316268071086
-80.0116318429623
-79.9900616851991
-79.96845221033313
-79.94680342130032
-79.9251153210606
-79.90338791259796
-79.88162119892044
-79.85981518306014
-79.83796986807324
-79.81608525704004
-79.79416135306494
-79.77219815927646
-79.75019567882727
-79.72815391489418
-79.7060728706782
-79.68395254940448
-79.66179295432238
-79.63959408870548
-79.61735595585158
-79.59507855908271
-79.57276190174514
-79.55040598720943
-79.52801081887041
-79.5055764001472
-79.48310273448324
-79.46058982534625
-79.43803767622832
-79.41544629064587
-79.39281567213969
-79.37014582427494
-79.34743675064118
-79.32468845485235
-79.30190094054682
-79.27907421138738
-79.25620827106127
-79.23330312328018
-79.21035877178029
-79.18737522032224
-79.16435247269116
-79.14129053269671
-79.11818940417308
-79.09504909097897
-79.07186959699766
-79.04865092613696
-79.02539308232927
-79.0020960695316
-78.97875989172555
-78.95538455291732
-78.93197005713779
-78.90851640844242
-78.88502361091138
-78.86149166864948
-78.83792058578622
-78.81431036647581
-78.79066101489714
-78.76697253525387
-78.74324493177434
-78.71947820871169
-78.69567237034379
-78.6718274209733
-78.64794336492767
-78.62402020655915
-78.6000579502448
-78.57605660038651
-78.552016161411
-78.52793663776988
-78.5038180339396
-78.47966035442147
-78.45546360374173
-78.43122778645152
-78.40695290712686
-78.38263897036877
-78.35828598080316
-78.3338939430809
-78.30946286187785
-78.28499274189484
-78.26048358785772
-78.2359354045173
-78.21134819664947
-78.18672196905509
-78.16205672656012
-78.13735247401557
-78.1126092162975
-78.08782695830705
-78.06300570497048
-78.03814546123915
-78.01324623208956
-77.9883080225233
-77.96333083756714
-77.93831468227303
-77.91325956171804
-77.88816548100445
-77.86303244525973
-77.8378604596366
-77.81264952931295
-77.78739965949191
-77.76211085540189
-77.73678312229652
-77.71141646545472
-77.6860108901807
-77.66056640180395
-77.63508300567928
-77.6095607071868
-77.58399951173199
-77.55839942474564
-77.53276045168393
-77.50708259802836
-77.48136586928584
-77.45561027098869
-77.42981580869458
-77.40398248798668
-77.3781103144735
-77.35219929378906
-77.3262494315928
-77.30026073356962
-77.27423320542991
-77.24816685290956
-77.22206168176994
-77.19591769779795
-77.16973490680599
-77.14351331463202
-77.11725292713952
-77.09095375021757
-77.06461578978079
-77.03823905176941
-77.01182354214922
-76.98536926691163
-76.95887623207369
-76.93234444367806
-76.90577390779306
-76.87916463051263
-76.8525166179564
-76.82582987626967
-76.79910441162342
-76.77234023021434
-76.74553733826484
-76.71869574202302
-76.69181544776275
-76.66489646178364
-76.63793879041103
-76.61094243999604
-76.58390741691558
-76.55683372757235
-76.52972137839487
-76.50257037583741
-76.47538072638012
-76.44815243652897
-76.42088551281577
-76.39357996179821
-76.36623579005982
-76.33885300421002
-76.31143161088413
-76.28397161674339
-76.2564730284749
-76.22893585279174
-76.20136009643288
-76.17374576616326
-76.1460928687738
-76.11840141108135
-76.09067139992875
-76.06290284218484
-76.03509574474445
-76.00725011452845
-75.97936595848368
-75.95144328358306
-75.92348209682554
-75.89548240523611
-75.86744421586585
-75.83936753579191
-75.81125237211751
-75.78309873197198
-75.75490662251076
-75.72667605091543
-75.69840702439366
-75.67009955017929
-75.64175363553228
-75.61336928773879
-75.58494651411111
-75.55648532198775
-75.52798571873339
-75.49944771173892
-75.47087130842144
-75.44225651622428
-75.41360334261698
-75.38491179509536
-75.35618188118148
-75.32741360842365
-75.29860698439649
-75.26976201670085
-75.24087871296393
-75.21195708083921
-75.18299712800649
-75.15399886217189
-75.12496229106787
-75.09588742245323
-75.06677426411314
-75.03762282385912
-75.00843310952908
-74.9792051289873
-74.94993889012447
-74.92063440085767
-74.8912916691304
-74.86191070291258
-74.8324915102006
-74.80303409901724
-74.77353847741176
-74.74400465345991
-74.71443263526388
-74.68482243095232
-74.65517404868044
-74.6254874966299
-74.59576278300891
-74.56599991605216
-74.5361989040209
-74.50635975520292
-74.47648247791254
-74.44656708049065
-74.41661357130472
-74.38662195874879
-74.35659225124348
-74.32652445723603
-74.29641858520026
-74.26627464363659
-74.23609264107212
-74.20587258606055
-74.17561448718223
-74.14531835304415
-74.11498419227998
-74.08461201355004
-74.05420182554137
-74.02375363696765
-73.9932674565693
-73.9627432931134
-73.9321811553938
-73.90158105223104
-73.87094299247238
-73.84026698499186
-73.80955303869025
-73.77880116249509
-73.74801136536067
-73.71718365626809
-73.68631804422522
-73.65541453826671
-73.62447314745403
-73.59349388087547
-73.56247674764613
-73.53142175690795
-73.50032891782968
-73.46919823960694
-73.43802973146222
-73.40682340264486
-73.37557926243106
-73.34429732012391
-73.31297758505339
-73.28162006657638
-73.25022477407666
-73.21879171696494
-73.18732090467884
-73.15581234668291
-73.12426605246863
-73.09268203155445
-73.06106029348577
-73.02940084783495
-72.99770370420131
-72.96596887221116
-72.9341963615178
-72.90238618180153
-72.87053834276965
-72.83865285415646
-72.8067297257233
-72.77476896725852
-72.74277058857751
-72.71073459952272
-72.67866100996363
-72.6465498297968
-72.61440106894582
-72.58221473736141
-72.54999084502133
-72.51772940193042
-72.48543041812067
-72.45309390365112
-72.42071986860796
-72.3883083231045
-72.35585927728114
-72.32337274130545
-72.29084872537213
-72.25828723970305
-72.2256882945472
-72.19305190018076
-72.1603780669071
-72.12766680505672
-72.09491812498734
-72.06213203708388
-72.02930855175846
-71.99644767945038
-71.96354943062617
-71.93061381577961
-71.89764084543167
-71.86463053013057
-71.83158288045178
-71.79849790699804
-71.7653756203993
-71.7322160313128
-71.69901915042308
-71.66578498844191
-71.63251355610838
-71.59920486418883
-71.56585892347698
-71.53247574479377
-71.49905533898749
-71.46559771693374
-71.43210288953547
-71.39857086772292
-71.36500166245371
-71.33139528471277
-71.29775174551241
-71.2640710558923
-71.23035322691945
-71.19659826968827
-71.16280619532051
-71.12897701496534
-71.09511073979932
-71.06120738102638
-71.02726694987784
-70.99328945761249
-70.9592749155165
-70.92522333490346
-70.89113472711439
-70.85700910351774
-70.82284647550941
-70.78864685451272
-70.75441025197848
-70.72013667938496
-70.68582614823785
-70.65147867007033
-70.61709425644307
-70.58267291894421
-70.54821466918938
-70.51371951882169
-70.47918747951178
-70.44461856295776
-70.41001278088527
-70.37537014504744
-70.34069066722498
-70.30597435922606
-70.27122123288642
-70.23643130006933
-70.2016045726656
-70.16674106259359
-70.13184078179923
-70.09690374225599
-70.0619299559649
-70.02691943495458
-69.99187219128122
-69.95678823702858
-69.92166758430801
-69.88651024525848
-69.85131623204651
-69.81608555686626
-69.78081823193945
-69.74551426951547
-69.71017368187128
-69.67479648131149
-69.63938268016832
-69.60393229080165
-69.56844532559894
-69.53292179697534
-69.49736171737364
-69.46176509926424
-69.42613195514527
-69.39046229754246
-69.35475613900921
-69.31901349212662
-69.28323436950343
-69.24741878377608
-69.2115667476087
-69.17567827369307
-69.1397533747487
-69.10379206352279
-69.06779435279022
-69.03176025535359
-68.99568978404322
-68.95958295171712
-68.92343977126106
-68.88726025558847
-68.85104441764057
-68.81479227038623
-68.77850382682215
-68.74217909997272
-68.70581810289005
-68.66942084865404
-68.63298735037233
-68.5965176211803
-68.56001167424108
-68.52346952274561
-68.48689117991256
-68.45027665898836
-68.41362597324722
-68.37693913599118
-68.34021616054997
-68.30345706028119
-68.26666184857017
-68.22983053883006
-68.1929631445018
-68.15605967905414
-68.11912015598361
-68.08214458881454
-68.04513299109911
-68.00808537641728
-67.97100175837684
-67.93388215061339
-67.89672656679035
-67.85953502059898
-67.82230752575838
-67.78504409601543
-67.7477447451449
-67.71040948694937
-67.67303833525926
-67.63563130393287
-67.5981884068563
-67.5607096579435
-67.52319507113633
-67.48564466040445
-67.44805843974541
-67.4104364231846
-67.3727786247753
-67.33508505859861
-67.29735573876356
-67.25959067940701
-67.22178989469373
-67.18395339881631
-67.14608120599529
-67.10817333047903
-67.07022978654382
-67.03225058849381
-66.99423575066106
-66.9561852874055
-66.91809921311498
-66.87997754220524
-66.84182028911988
-66.80362746833045
-66.76539909433639
-66.72713518166503
-66.68883574487162
-66.65050079853934
-66.61213035727924
-66.5737244357303
-66.53528304855944
-66.49680621046144
-66.45829393615907
-66.41974624040296
-66.3811631379717
-66.34254464367179
-66.30389077233764
-66.26520153883162
-66.22647695804403
-66.18771704489306
-66.1489218143249
-66.11009128131357
-66.07122546086113
-66.03232436799753
-65.99338801778065
-65.95441642529632
-65.91540960565833
-65.87636757400838
-65.83729034551615
-65.79817793537924
-65.75903035882318
-65.71984763110147
-65.68062976749557
-65.64137678331487
-65.60208869389669
-65.56276551460635
-65.5234072608371
-65.48401394801012
-65.44458559157457
-65.40512220700755
-65.36562380981415
-65.32609041552737
-65.28652203970819
-65.24691869794555
-65.20728040585632
-65.16760717908538
-65.12789903330552
-65.08815598421752
-65.0483780475501
-65.00856523905996
-64.96871757453174
-64.92883506977806
-64.88891774063949
-64.84896560298458
-64.80897867270981
-64.76895696573966
-64.72890049802653
-64.68880928555083
-64.6486833443209
-64.60852269037305
-64.56832733977154
-64.52809730860865
-64.48783261300454
-64.4475332691074
-64.40719929309333
-64.36683070116642
-64.32642750955874
-64.28598973453028
-64.24551739236902
-64.2050104993909
-64.16446907193979
-64.12389312638759
-64.08328267913406
-64.04263774660701
-64.00195834526217
-63.9612444915832
-63.92049620208177
-63.87971349329747
-63.83889638179788
-63.798044884178495
-63.75715901706279
-63.71623879710219
-63.675284240976076
-63.634295365391765
-63.59327218708454
-63.552214722817624
-63.5111229893822
-63.469997003597385
-63.428836782310256
-63.38764234239583
-63.34641370075706
-63.30515087432485
-63.26385388005806
-63.22252273494345
-63.18115745599577
-63.13975806025767
-63.098324564799746
-63.05685698672054
-63.01535534314652
-62.97381965123207
-62.93224992815953
-62.89064619113914
-62.8490084574091
-62.807336744235506
-62.7656310689124
-62.72389144876173
-62.68211790113336
-62.640310443405085
-62.59846909298261
-62.556593867299554
-62.51468478381745
-62.472741860025735
-62.43076511344175
-62.38875456161075
-62.3467102221059
-62.30463211252824
-62.26252025050673
-62.22037465369824
-62.17819533978749
-62.13598232648714
-62.0937356315377
-62.051455272707585
-62.0091412677931
-61.96679363461842
-61.9244123910356
-61.88199755492458
-61.839549144193164
-61.79706717677703
-61.75455167063973
-61.71200264377267
-61.66942011419514
-61.626804099954256
-61.58415461912502
-61.54147168981029
-61.49875533014073
-61.45600555827492
-61.41322239239922
-61.37040585072788
-61.32755595150295
-61.28467271299436
-61.24175615349982
-61.19880629134491
-61.15582314488301
-61.112806732495336
-61.06975707259092
-61.026674183606595
-60.98355808400703
-60.94040879228468
-60.8972263269598
-60.85401070658048
-60.810761949722576
-60.76748007498975
-60.72416510101343
-60.68081704645287
-60.63743592999508
-60.59402177035484
-60.550574586274735
-60.50709439652509
-60.463581219904
-60.42003507523734
-60.37645598137872
-60.33284395720951
-60.28919902163885
-60.2455211936036
-60.20181049206837
-60.1580669360255
-60.11429054449507
-60.070481336524885
-60.02663933119048
-59.98276454759509
-59.938857004869675
-59.894916722172916
-59.850943718691184
-59.80693801363855
-59.76289962625679
-59.71882857581536
-59.67472488161141
-59.63058856296978
-59.586419639242955
-59.54221812981112
-59.49798405408212
-59.45371743149145
-59.409418281502276
-59.365086623605414
-59.320722477319315
-59.27632586219007
-59.23189679779143
-59.18743530372474
-59.142941399619
-59.098415105130805
-59.05385643994439
-59.00926542377159
-58.96464207635182
-58.91998641745213
-58.875298466867136
-58.83057824441905
-58.78582576995767
-58.74104106336035
-58.69622414453203
-58.651375033405216
-58.60649374993996
-58.56158031412387
-58.516634745972105
-58.47165706552736
-58.42664729285986
-58.38160544806736
-58.336531551275144
-58.291425622636005
-58.24628768233025
-58.20111775056568
-58.1559158475776
-58.11068199362881
-58.065416209009584
-58.02011851403768
-57.97478892905832
-57.9294274744442
-57.88403417059548
-57.83860903793975
-57.79315209693206
-57.74766336805491
-57.7021428718182
-57.65659062875928
-57.611006659442914
-57.565390984461274
-57.519743624433936
-57.47406460000787
-57.42835393185745
-57.382611640684416
-57.33683774721789
-57.29103227221438
-57.245195236457725
-57.19932666075914
-57.15342656595719
-57.10749497291778
-57.06153190253413
-57.015537375726794
-56.969511413443655
-56.9234540366599
-56.877365266378014
-56.83124512362779
-56.785093629466296
-56.738910804977884
-56.69269667127418
-56.64645124949407
-56.600174560803715
-56.55386662639651
-56.5075274674931
-56.46115710534134
-56.41475556121634
-56.36832285642041
-56.321859012283085
-56.27536405016109
-56.22883799143834
-56.182280857525946
-56.13569266986219
-56.08907344991251
-56.042423219169535
-55.99574199915302
-55.949029811409865
-55.90228667751412
-55.85551261906696
-55.80870765769666
-55.76187181505862
-55.715005112835335
-55.668107572736396
-55.621179216498476
-55.574220065885314
-55.52723014268773
-55.48020946872359
-55.43315806583781
-55.386075955902356
-55.338963160816206
-55.29181970250537
-55.24464560292287
-55.19744088404873
-55.15020556788996
-55.10293967648056
-55.05564323188151
-55.008316256180755
-54.96095877149319
-54.91357079996066
-54.86615236375195
-54.81870348506278
-54.77122418611576
-54.72371448916044
-54.676174416473266
-54.628603990357554
-54.58100323314352
-54.53337216718824
-54.48571081487565
-54.43801919861655
-54.39029734084857
-54.34254526403616
-54.29476299067061
-54.24695054327002
-54.199107944379264
-54.15123521657004
-54.103332382440826
-54.05539946461683
-54.00743648575007
-53.959443468519275
-53.91142043562994
-53.86336740981428
-53.815284413831215
-53.767171470466394
-53.71902860253215
-53.6708558328675
-53.622653184338155
-53.574420679836486
-53.5261583422815
-53.47786619461886
-53.42954425982088
-53.38119256088647
-53.33281112084115
-53.28439996273707
-53.235959109652946
-53.18748858469408
-53.13898841099234
-53.09045861170615
-53.041899210020475
-52.99331022914682
-52.94469169232322
-52.896043622814204
-52.84736604391082
-52.79865897893058
-52.7499224512175
-52.70115648414205
-52.652361101101135
-52.603536325518135
-52.55468218084285
-52.505798690551494
-52.45688587814669
-52.40794376715746
-52.35897238113921
-52.30997174367371
-52.26094187836909
-52.21188280885985
-52.1627945588068
-52.11367715189709
-52.064530611844184
-52.015354962387825
-51.966150227294065
-51.91691643035523
-51.867653595389896
-51.81836174624291
-51.769040906785335
-51.719691100914474
-51.670312352553836
-51.62090468565315
-51.571468124188314
-51.52200269216141
-51.47250841360068
-51.42298531256052
-51.37343341312147
-51.323852739390176
-51.27424331549942
-51.22460516560807
-51.17493831390108
-51.12524278458949
-51.07551860191039
-51.02576579012692
-50.975984373528256
-50.926174376429586
-50.87633582317213
-50.826468738123076
-50.77657314567562
-50.7266490702489
-50.67669653628803
-50.626715568264046
-50.57670619067394
-50.526668428040594
-50.4766023049128
-50.426507845865245
-50.376385075498476
-50.32623401843891
-50.27605469933881
-50.22584714287626
-50.17561137375519
-50.1253474167053
-50.07505529648211
-50.024735037866904
-49.97438666566672
-49.92401020471438
-49.8736056798684
-49.82317311601304
-49.77271253805825
-49.722223970939694
-49.67170743961871
-49.62116296908228
-49.57059058434306
-49.51999031043932
-49.46936217243496
-49.4187061954195
-49.36802240450803
-49.31731082484122
-49.266571481585316
-49.2158043999321
-49.165009605098874
-49.114187122328495
-49.063336976889296
-49.0124591940751
-48.9615537992052
-48.91062081762436
-48.85966027470279
-48.80867219583611
-48.757656606445366
-48.70661353197699
-48.65554299790282
-48.60444502972004
-48.55331965295119
-48.50216689314415
-48.45098677587212
-48.39977932673361
-48.34854457135242
-48.29728253537762
-48.24599324448354
-48.19467672436977
-48.1433330007611
-48.091962099407546
-48.04056404608433
-47.98913886659184
-47.93768658675563
-47.886207232426415
-47.834700829480035
-47.78316740381745
-47.73160698136471
-47.68001958807298
-47.62840524991845
-47.5767639929024
-47.525095843051126
-47.473400826415954
-47.42167896907321
-47.36993029712421
-47.31815483669524
-47.26635261393754
-47.21452365502729
-47.162667986165594
-47.110785633578445
-47.05887662351674
-47.006940982256246
-46.954978736097594
-46.902989911366234
-46.85097453441245
-46.79893263161133
-46.74686422936274
-46.694769354091335
-46.642648032246505
-46.59050029030238
-46.53832615475782
-46.48612565213638
-46.43389880898631
-46.38164565188051
-46.32936620741655
-46.277060502216614
-46.224728562927524
-46.17237041622069
-46.11998608879209
-46.06757560736229
-46.01513899867639
-45.96267628950402
-45.91018750663931
-45.85767267690091
-45.805131827131916
-45.75256498419991
-45.69997217499689
-45.64735342643928
-45.59470876546793
-45.542038219048045
-45.48934181416922
-45.4366195778454
-45.38387153711485
-45.33109771904015
-45.278298150708196
-45.22547285923013
-45.17262187174138
-45.1197452154016
-45.06684291739468
-45.0139150049287
-44.96096150523592
-44.9079824455728
-44.854977853219914
-44.80194775548199
-44.74889217968784
-44.69581115319041
-44.64270470336668
-44.58957285761771
-44.536415643368585
-44.4832330880684
-44.43002521919028
-44.37679206423128
-44.32353365071248
-44.270250006178834
-44.21694115819927
-44.16360713436659
-44.11024796229751
-44.05686366963257
-44.003454284036195
-43.950019833196606
-43.89656034482585
-43.84307584665976
-43.78956636645792
-43.73603193200369
-43.68247257110414
-43.62888831159006
-43.57527918131592
-43.52164520815987
-43.46798642002369
-43.414302844832825
-43.3605945105363
-43.30686144510676
-43.25310367654039
-43.19932123285695
-43.14551414209972
-43.09168243233549
-43.03782613165455
-42.98394526817065
-42.930039870021005
-42.876109965366254
-42.82215558239044
-42.768176749301
-42.71417349432875
-42.66014584572783
-42.606093831775745
-42.55201748077327
-42.49791682104451
-42.4437918809368
-42.389642688820736
-42.33546927309015
-42.281271662162055
-42.22704988447668
-42.17280396849739
-42.118533942710705
-42.064239835626275
-42.00992167577683
-41.955579491718204
-41.90121331202926
-41.84682316531193
-41.792409080191156
-41.737971085314854
-41.683509209353936
-41.62902348100227
-41.57451392897664
-41.51998058201675
-41.465423468885184
-41.41084261836741
-41.35623805927173
-41.301609820429285
-41.246957930693995
-41.19228241894258
-41.13758331407452
-41.082860645012026
-41.02811444070003
-40.97334473010616
-40.91855154222071
-40.86373490605663
-40.8088948506495
-40.75403140505751
-40.699144598361435
-40.64423445966461
-40.5893010180929
-40.53434430279471
-40.479364342940926
-40.42436116772492
-40.36933480636251
-40.31428528809195
-40.2592126421739
-40.204116897891396
-40.148998084549845
-40.093856231477
-40.03869136802292
-39.98350352355996
-39.92829272748277
-39.87305900920822
-39.81780239817542
-39.76252292384569
-39.70722061570252
-39.651895503251566
-39.59654761602063
-39.54117698355961
-39.4857836354405
-39.430367601257366
-39.374928910626316
-39.31946759318548
-39.263983678594975
-39.20847719653692
-39.152948176715356
-39.09739664885626
-39.04182264270754
-38.98622618803894
-38.9306073146421
-38.87496605233048
-38.819302430939345
-38.763616480325766
-38.70790823036857
-38.65217771096831
-38.59642495204729
-38.54064998354947
-38.484852835440506
-38.42903353770768
-38.37319212035992
-38.317328613427726
-38.261443046963194
-38.20553545103995
-38.149605855753165
-38.09365429121951
-38.037680787577116
-37.98168537498559
-37.92566808362595
-37.86962894370065
-37.81356798543349
-37.757485239069645
-37.70138073487562
-37.64525450313923
-37.58910657416957
-37.532936978297
-37.47674574587312
-37.42053290727072
-37.36429849288379
-37.308042533127484
-37.251765058438096
-37.19546609927301
-37.13914568611073
-37.08280384945079
-37.02644061981378
-36.9700560277413
-36.91365010379593
-36.85722287856123
-36.800774382641684
-36.744304646662684
-36.68781370127052
-36.63130157713234
-36.574768304936136
-36.5182139153907
-36.46163843922563
-36.405041907191254
-36.34842435005867
-36.29178579861967
-36.23512628368673
-36.17844583609299
-36.12174448669222
-36.06502226635881
-36.00827920598772
-35.95151533649447
-35.894730688815116
-35.837925293906224
-35.781099182744825
-35.72425238632842
-35.66738493567494
-35.61049686182271
-35.55358819583043
-35.49665896877715
-35.439709211762256
-35.38273895590543
-35.32574823234662
-35.268737072246026
-35.21170550678407
-35.15465356716136
-35.097581284598675
-35.04048869033695
-34.98337581563721
-34.92624269178059
-34.86908935006827
-34.81191582182149
-34.75472213838148
-34.69750833110946
-34.6402744313866
-34.58302047061401
-34.525746480212696
-34.468452491623545
-34.411138536307284
-34.35380464574448
-34.296450851435495
-34.23907718490044
-34.181683677679175
-34.12427036133129
-34.06683726743605
-34.00938442759239
-33.95191187341888
-33.89441963655368
-33.836907748654546
-33.77937624139879
-33.72182514648325
-33.664254495624235
-33.606664320557556
-33.54905465303846
-33.49142552484161
-33.433776967761055
-33.376109013610204
-33.318421694221804
-33.26071504144791
-33.20298908715985
-33.145243863248204
-33.08747940162278
-33.02969573421258
-32.971892892965776
-32.91407090984968
-32.8562298168507
-32.79836964597436
-32.74049042924522
-32.68259219870687
-32.624674986421915
-32.56673882447191
-32.50878374495738
-32.45080977999773
-32.392816961731306
-32.33480532231526
-32.27677489392563
-32.2187257087572
-32.160657799023575
-32.10257119695709
-32.044465934808805
-31.98634204484846
-31.92819955936447
-31.87003851066387
-31.81185893107231
-31.753660852934015
-31.695444308611755
-31.637209330486822
-31.578955950959
-31.520684202446528
-31.46239411738609
-31.404085728232758
-31.345759067459998
-31.287414167559607
-31.229051061041712
-31.170669780434718
-31.112270358285297
-31.05385282715835
-30.995417219636987
-30.936963568322476
-30.878491905834235
-30.8200022648098
-30.761494677904793
-30.702969177792884
-30.644425797165777
-30.58586456873317
-30.527285525222734
-30.46868869938007
-30.4100741239687
-30.351441831770007
-30.292791855583246
-30.234124228225475
-30.175438982531556
-30.116736151354107
-30.05801576756348
-29.99927786404772
-29.940522473712555
-29.88174962948135
-29.82295936429509
-29.76415171111234
-29.70532670290921
-29.646484372679346
-29.58762475343387
-29.52874787820139
-29.46985378002793
-29.410942491976922
-29.352014047129174
-29.293068478582835
-29.234105819453365
-29.175126102873506
-29.11612936199326
-29.057115629979844
-28.998084940017666
-28.9390373253083
-28.879972819070446
-28.82089145453991
-28.76179326496957
-28.702678283629332
-28.643546543806124
-28.584398078803847
-28.52523292194335
-28.4660511065624
-28.406852666015652
-28.347637633674616
-28.288406042927623
-28.229157927179806
-28.169893319853056
-28.110612254386
-28.051314764233965
-27.99200088286895
-27.932670643779595
-27.873324080471146
-27.813961226465434
-27.754582115300828
-27.695186780532214
-27.635775255730973
-27.57634757448493
-27.516903770398333
-27.457443877091826
-27.39796792820241
-27.338475957383412
-27.27896799830446
-27.219444084651446
-27.159904250126502
-27.100348528447952
-27.040776953350303
-26.981189558584195
-26.92158637791638
-26.861967445129686
-26.802332794022988
-26.74268245841117
-26.683016472125104
-26.623334869011607
-26.563637682933418
-26.50392494776916
-26.444196697413318
-26.38445296577619
-26.32469378678387
-26.26491919437822
-26.20512922251681
-26.145323905172923
-26.085503276335498
-26.025667370009103
-25.965816220213913
-25.905949860985665
-25.84606832637563
-25.786171650450584
-25.726259867292775
-25.666333010999885
-25.60639111568501
-25.546434215476612
-25.4864623445185
-25.426475536969782
-25.366473827004857
-25.30645724881336
-25.246425836600135
-25.18637962458521
-25.126318647003764
-25.066242938106083
-25.006152532157536
-24.94604746343854
-24.88592776624453
-24.82579347488593
-24.765644623688107
-24.705481246991344
-24.645303379150814
-24.585111054536544
-24.52490430753338
-24.464683172540948
-24.40444768397364
-24.344197876260555
-24.28393378384549
-24.223655441186896
-24.163362882757838
-24.103056143045976
-24.042735256553524
-23.98240025779722
-23.922051181308287
-23.86168806163241
-23.80131093332969
-23.740919830974626
-23.68051478915606
-23.620095842477173
-23.559663025555423
-23.49921637302253
-23.43875591952444
-23.378281699721278
-23.31779374828733
-23.25729209991101
-23.19677678929481
-23.136247851155282
-23.07570532022301
-23.015149231242543
-22.954579618972407
-22.893996518185034
-22.833399963666754
-22.772789990217735
-22.71216663265198
-22.651529925797266
-22.59087990449513
-22.530216603600817
-22.469540057983266
-22.40885030252506
-22.3481473721224
-22.287431301685075
-22.226702126136406
-22.16595988041324
-22.105204599465903
-22.044436318258168
-21.98365507176721
-21.92286089498359
-21.86205382291121
-21.801233890567282
-21.740401132982292
-21.679555585199967
-21.618697282277235
-21.557826259284205
-21.496942551304116
-21.436046193433313
-21.37513722078121
-21.314215668470254
-21.253281571635892
-21.192334965426536
-21.13137588500353
-21.070404365541112
-21.009420442226386
-20.94842415025927
-20.887415524852496
-20.82639460123153
-20.76536141463458
-20.70431600031253
-20.643258393528924
-20.582188629559916
-20.521106743694254
-20.46001277123323
-20.398906747490653
-20.337788707792804
-20.276658687478417
-20.21551672189863
-20.15436284641696
-20.09319709640925
-20.032019507263662
-19.970830114380625
-19.9096289531728
-19.848416059065038
-19.787191467494367
-19.72595521390994
-19.664707333773002
-19.603447862556855
-19.54217683574683
-19.480894288840236
-19.419600257346342
-19.358294776786334
-19.296977882693273
-19.235649610612075
-19.174309996099463
-19.11295907472394
-19.051596882065734
-18.990223453716798
-18.928838825280742
-18.86744303237281
-18.806036110619853
-18.744618095660275
-18.68318902314401
-18.621748928732483
-18.56029784809858
-18.498835816926597
-18.43736287091222
-18.375879045762485
-18.314384377195736
-18.2528789009416
-18.19136265274094
-18.129835668345827
-18.068297983519496
-18.00674963403633
-17.94519065568179
-17.883621084252418
-17.822040955555767
-17.760450305410387
-17.698849169645783
-17.637237584102373
-17.57561558463146
-17.513983207095194
-17.452340487366534
-17.390687461329208
-17.329024164877683
-17.267350633917133
-17.205666904363394
-17.14397301214293
-17.082268993192795
-17.020554883460605
-16.95883071890449
-16.89709653549307
-16.835352369205406
-16.773598256030976
-16.71183423196963
-16.650060333031554
-16.58827659523724
-16.526483054617444
-16.464679747213154
-16.402866709075546
-16.341043976265954
-16.27921158485583
-16.21736957092671
-16.155517970570177
-16.09365681988782
-16.031786154991206
-15.96990601200184
-15.908016427051122
-15.846117436280315
-15.784209075840511
-15.722291381892594
-15.660364390607196
-15.598428138164666
-15.536482660755036
-15.474527994577977
-15.412564175842768
-15.350591240768255
-15.288609225582817
-15.226618166524329
-15.164618099840123
-15.102609061786952
-15.040591088630956
-14.978564216647618
-14.916528482121736
-14.854483921347377
-14.792430570627848
-14.730368466275653
-14.668297644612458
-14.606218141969057
-14.544129994685328
-14.482033239110201
-14.41992791160162
-14.357814048526507
-14.295691686260719
-14.23356086118902
-14.171421609705034
-14.109273968211216
-14.04711797311881
-13.984953660847815
-13.92278106782694
-13.860600230493578
-13.79841118529376
-13.736213968682122
-13.674008617121865
-13.611795167084717
-13.5495736550509
-13.487344117509089
-13.425106590956375
-13.362861111898228
-13.30060771684846
-13.238346442329187
-13.17607732487079
-13.113800401011876
-13.051515707299249
-12.989223280287863
-12.926923156540788
-12.864615372629174
-12.802299965132212
-12.73997697063709
-12.677646425738967
-12.615308367040928
-12.55296283115395
-12.490609854696856
-12.42824947429629
-12.365881726586668
-12.303506648210146
-12.241124275816583
-12.178734646063496
-12.116337795616035
-12.053933761146927
-11.99152257933646
-11.929104286872423
-11.866678920450084
-11.80424651677215
-11.741807112548717
-11.679360744497249
-11.616907449342527
-11.554447263816618
-11.491980224658834
-11.429506368615693
-11.367025732440887
-11.304538352895236
-11.242044266746653
-11.179543510770113
-11.117036121747601
-11.054522136468083
-10.99200159172747
-10.929474524328572
-10.866940971081066
-10.804400968801453
-10.741854554313022
-10.679301764445817
-10.61674263603659
-10.55417720592877
-10.491605510972418
-10.429027588024196
-10.366443473947319
-10.303853205611528
-10.241256819893044
-10.178654353674531
-10.116045843845063
-10.053431327300075
-9.990810840941336
-9.928184421676903
-9.865552106421086
-9.802913932094409
-9.740269935623568
-9.677620153941398
-9.614964623986834
-9.552303382704869
-9.489636467046518
-9.426963913968777
-9.364285760434589
-9.301602043412801
-9.23891279987813
-9.176218066811119
-9.113517881198101
-9.050812280031161
-8.988101300308099
-8.925384979032385
-8.862663353213128
-8.799936459865034
-8.737204336008368
-8.674467018668912
-8.611724544877932
-8.548976951672135
-8.486224276093632
-8.423466555189899
-8.36070382601374
-8.297936125623245
-8.235163491081753
-8.172385959457813
-8.109603567825145
-8.046816353262603
-7.984024352854135
-7.921227603688743
-7.858426142860444
-7.7956200074682345
-7.73280923461605
-7.669993861412722
-7.607173924971947
-7.544349462412242
-7.481520510856907
-7.418687107433985
-7.355849289276227
-7.293007093521048
-7.230160557310493
-7.167309717791192
-7.1044546121143295
-7.041595277435595
-6.978731750915156
-6.915864069717606
-6.852992271011938
-6.790116391971496
-6.727236469773945
-6.664352541601221
-6.6014646446395
-6.538572816079157
-6.475677093114727
-6.4127775129448645
-6.349874112772307
-6.286966929803834
-6.224056001250229
-6.161141364326238
-6.098223056250536
-6.035301114245679
-5.972375575538075
-5.909446477357938
-2.8642
-1.34706
-0.556511
-0.129493
-7.35278e-09
0
-3.80217e-08
0
-0.000974341
0
-0.000557389
0
-1.43994e-07
0
-5.29599e-08
0
-2.66492e-08
0
-1.48196e-08
0
-8.3511e-09
-1.35886e-10
-4.39247e-09
-1.24736e-09
-1.78801e-09
-2.56759e-09
0
-4.09556e-09
0
-5.78511e-09
0
-7.50769e-09
0
-9.01754e-09
0
-9.96361e-09
0
-1.00043e-08
0
-9.00317e-09
0
-7.14386e-09
0
-4.82894e-09
0
-2.46171e-09
0
-3.05017e-10
0
-2.10832e-09
-0.0510409
-0.244685
-0.603616
-1.10448
-1.74314
-2.51328
-3.40459
-4.40984
-5.52015
-6.72658
-8.02024
-9.39176
-10.8317
-12.3303
-13.8777
-15.4636
-17.0778
-18.7095
-20.3479
-21.982
-23.6003
-25.1913
-26.7433
-28.244
-29.6813
-31.0425
-32.3148
-33.4851
-34.54
-35.4658
-36.2488
-36.8745
-37.3284
-37.5965
-37.6617
-37.512
-37.1289
-36.4935
-35.6067
-34.4128
-32.9518
-31.1667
-28.9798
-26.661
-23.5724
-20.5707
-17.0236
-12.0781
-10.0176
-2
-2.78663
-3.57279
-4.35848
-5.1437
-5.92846
-6.71275
-7.49659
-8.27997
-9.06289
-9.84535
-10.6274
-11.4089
-12.19
-12.9707
-13.7509
-14.5306
-15.3099
-16.0852
-16.6099
-16.8812
-16.9664
-16.9066
-16.7204
-16.3958
-15.9113
-15.2468
-14.3799
-13.2984
-12.2122
-11.123
-10.0306
-8.93522
-7.83673
-6.73516
-5.63051
-4.52275
-3.4119
-2.29792
-1.18083
-0.0605987
